HEADER 7 16 32 2 8 2
VOCAB
un
est
deux
trois
quatre
cinq
six
END_VOCAB
M token_embed 7 16
-0.13453930002914533 0.06351729953745335 0.1895354566116613 -0.1364743931230541 0.12137792146994657 -0.08684596849027636 0.2597106875271598 -0.13363831284470326 -0.01862439311360589 -0.034150244379682344 -0.1521790058807314 -0.02339304514012956 -0.003918304336607943 0.30203594347685486 -0.0005945069064398218 -0.08715903949027702
0.20692984792142444 0.010947017677689123 0.011201446234945607 -0.05371455699427955 0.15392944695961228 -0.0332221675024591 -0.004234216181307638 0.17676861437769453 0.15774754803507599 0.024098126831735636 0.13869603349439927 0.022606352011162352 -0.1541070824469498 0.2131153313371448 0.06621292966964115 0.07872040797099895
0.021115800349811087 0.21571411062357024 0.053890207690964365 0.11144027915703625 0.15081131176952012 0.08611100636187892 -0.23745251817480684 -0.08986983712654685 0.04340899921627509 -0.30011855170608087 0.19895997686374983 0.21194755068943869 -0.06566661184077525 -0.1955720941361326 -0.1950049132879062 -0.06946837926161888
-0.06021407967681019 0.2520580324091899 0.25341532526053057 -0.1970322488002848 -0.14798946926993292 0.098636711259519 -0.11579848217234902 0.032174383971917346 -0.1712945029774664 0.15996868498595343 0.05781242929887027 -0.16194578323956205 0.06856538320020336 -0.1918057185863276 -0.02829576257942875 -0.08121052269524642
-0.152326044507611 -0.15527078156980126 -0.10706355963459549 0.013439191931169157 0.2514966999257409 -0.1267025358048774 0.1287531211324005 -0.2551121907051863 0.14152096184070986 0.21219276350250932 0.09664591822753753 0.11086107331590675 0.1341041571320399 -0.21482765507773804 -0.22204945655962116 -0.11563356714705829
-0.21358274602939514 -0.10803289961078968 0.08292139991018778 -0.19579318577148397 -0.15750622991466487 0.2297473912211991 0.1206375547856469 0.09873103813589915 0.07523088661992358 -0.05997160735083114 -0.1818747127600802 -0.059065927812840834 -0.23602390984280844 0.14323484810617193 -0.03483484975255455 -0.16297049889162327
0.18694189293485558 0.027555490639078917 -0.14933550629443826 0.06055025873925779 0.002623593939634017 -0.07461395099565649 0.03570334750184234 -0.20282021954042462 -0.06474818388189357 -0.107702416529247 0.10935949000490319 0.03117491165292746 0.07189801190141715 -0.03603943798114456 -0.19486075139877623 -0.07287773551367516
M pos_embed 8 16
0.008923604179072956 -0.020563047204808806 -0.19833991522766423 -0.12786063345705972 -0.022708672266999564 -0.13115910071505107 0.02283782802428182 0.07688715526059521 -0.002940708489374069 -0.2174462142764349 0.278541393753824 -0.19035196744465213 -0.1771236924178589 -0.15174037714205835 -0.04231299118066934 -0.24001766353286907
0.1385891566648039 0.16283779991628897 0.10887298850499089 -0.09499984995405662 0.17941440716613458 -0.030052516955355647 -0.27434217859506904 0.01998265597486169 0.04883771028755554 0.0818022005748119 -0.1518243236258832 0.07032918798394378 -0.17069458874329832 0.14293371473171348 0.1206225484350543 0.27247367302196934
0.009799143772543983 0.010511618082849672 0.11114425106671072 0.22103505554567415 0.0851872150270836 -0.12277071353652896 -0.14120282390512917 0.11634245922221981 0.16504458474945127 0.1851411468900907 -0.0725541108302884 0.19849488948544947 -0.18966038356119524 0.11282940294446808 -0.23143342264056627 -0.09318423836096684
-0.2141192594708019 -0.09081098502051788 0.0571462779754357 0.014362549335886377 0.1955547215584899 -0.17276525460038983 -0.004672323122845101 -0.17161423728166525 -0.21292293696719827 0.12865104554886253 0.13266110331244463 -0.008548807690235916 -0.029970456286958436 0.1884080005946605 -0.24834082640605953 -0.07633540886822049
-0.03765426070453498 -0.04386574304116442 -0.022591728191624416 -0.022709916991135615 -0.24090880043217927 0.21030275333151127 0.09887674759090698 0.2006290994422117 -0.0349119796318067 -0.13793531213007992 -0.1579850723252083 -0.11800907916581022 0.07199449878647368 -0.16618615917917157 0.1423653899852626 -0.10859551541920809
-0.06896495580089368 -0.15090416001649704 0.06225485263711811 -0.13321477876511417 0.06851463378458805 0.2181877386061865 0.02974650881278157 -0.245069507002023 -0.18110758649985764 0.09946928498145391 -0.07371560892343731 -0.246004335354377 -0.023594395222824638 -0.22456073865033477 0.2033017014524351 -0.15242732431087858
-0.0686341438265271 -0.07678820038462597 -0.12361247912156953 0.16369263566213 0.07704921722527164 -0.10673013344661192 0.0015016594414409279 -0.21053430846161908 0.09637729407549656 0.04479244439056618 -0.20855829723908037 0.12578953057363218 0.158343772422188 -0.23581958387905333 -0.102243376365308 -0.08218209330132531
0.09442165248219553 -0.17718038564174776 -0.2039598687394903 -0.026159548782041353 -0.12806166805333014 0.020345399289152355 -0.18246257092291285 0.0418117403646151 -0.16425506586288713 0.005390238995713725 0.08601975687802627 -0.21414619563653164 0.0506887126184804 -0.004096642654874194 0.17390727428112618 0.033239451031407574
M lm_head 16 7
-0.09632085867181249 -0.28679667723856483 0.12203237632527343 0.048701672744217266 -0.031311673270092134 0.35996783824130957 0.10025819324024313
-0.0025532280905592782 0.18865889362211616 0.12104229668546865 -0.3159479110169264 -0.043866722007932284 0.08524874939602341 -0.3186538729693058
0.05771595503386319 0.1829871897768837 -0.08840209011171553 -0.1798572904292047 0.036296606506097895 -0.14290380069321215 -0.07665756940063119
0.2835619207742005 0.11935409496600666 -0.32586092358938396 0.23333320701334814 0.08421747888070087 0.2643477186236303 0.10682187660995661
0.2778418892740412 -0.0772880398951371 -0.08040586373258447 0.08102343813131258 0.32008972598639246 -0.26343528010686773 -0.11931929519342256
0.22544827470531706 -0.22468135983326876 0.29498179524022483 0.12293523729764345 -0.29940291175418215 -0.3256509151303323 0.2463668439260019
0.005837229943351964 -0.20690627086445157 -0.2268522241159921 0.3316877454116275 -0.1502349999370816 -0.029782021634185914 -0.19031865729912387
-0.16242214658701382 0.04790275489402751 0.08823501290464048 -0.08068194725659328 -0.042772262606620017 0.27297010781848335 -0.11752164067004585
-0.3067589729755533 0.20023082510337856 -0.2979975707025694 -0.2182820525208808 0.18942863276850463 -0.238568351733497 -0.10662488877485142
-0.02322016831480774 -0.3454426071570557 0.21469461159346848 -0.19900692582471136 0.09759756875220063 -0.0163291294679117 -0.15655268636675448
-0.1775712490840295 0.3646257342030071 -0.2622595301612445 -0.1271235465457033 -0.3100422386753155 0.13709316640672953 -0.32184531861875076
0.37429009552545445 -0.2115199350845713 0.13871101381051848 -0.0015619402489113249 0.16024483325005445 0.07655959620768112 -0.345274452966688
0.2208047358820527 -0.001120244237644642 0.30644612958439726 -0.08956032825619444 -0.13098468227948928 0.3068752155157826 0.20342858003150596
0.1803527147255657 -0.16672547725194548 0.36905577360340525 -0.23200786108070062 -0.08952887705231109 0.1832757317353015 0.3664407216856958
-0.19455626846807064 -0.19005596050283396 -0.3902418493819484 -0.05481100325914345 0.0008447584423330115 -0.09574538460917355 -0.014896452872376138
0.03751573762109882 0.3384557796698674 -0.05434682619403301 0.24588330345536938 -0.2509490911732326 -0.04287750939148915 -0.17636411424986687
M block_0_w_q_0 16 8
0.09665126700824984 -0.24579040933584437 0.040210740005136504 -0.0973791638103097 -0.007510704743678857 0.29217062503173863 -0.0505388437721148 -0.08517646830722883
-0.0916331969527378 -0.1842684280498608 -0.08081132036141156 0.05170685994129439 0.023274148559548544 0.0902725486347382 0.2655199175407865 -0.1083518687484333
-0.1628395144399741 0.1985319912228564 0.08082845780321662 -0.16895893647904558 -0.06911917189722117 0.13566974793236788 0.11099400374652364 0.2959454988757208
0.25351423478433366 -0.14541523430490594 0.06252348105941685 -0.13013675153564472 0.03107223114151632 -0.09403745914944893 -0.0700028619291106 -0.12132950034373531
-0.20418206780324943 -0.17364676390048633 0.002350121421826818 -0.03597332985819006 -0.06418725860358308 -0.12288775324947764 0.1225931019591035 0.23431031929332033
-0.009620864557580088 -0.13174978947635474 0.07132414344582519 0.133899837777209 0.09320314393860549 0.0800261048484295 0.06338889015026836 -0.271924043139114
0.07306251679774885 0.12421161337037766 0.15158590991314183 0.07298625103320404 -0.10334366035339619 -0.0694915961364422 -0.2647281144705417 -0.034820913918304615
-0.2576215800678576 -0.18234119391741946 -0.22075451885074285 -0.21972232822218937 0.33624654740670523 0.1662140420787605 -0.08883576795714702 0.28491851145132957
0.010280093069322524 -0.04002279728401058 -0.2191323068555173 0.0202514791461148 0.028299747800221056 0.30484069659151897 0.24924292375337923 0.3174692745479257
-0.22384686988956645 -0.2303261230011516 -0.22269913527634388 -0.0892230235397675 0.22969258202604337 0.30856887047768305 0.06372625835795398 0.3049599312974845
-0.06514729913909398 0.002870870149059005 -0.05290114368088535 0.17319512545465748 -0.1309416974548352 0.1721155362377492 -0.20489110268918756 -0.016838411269796582
-0.01689792483557835 -0.03298589871713096 0.022830665398907813 -0.07343272262726716 0.18056932216852958 0.27439900093215613 -0.019518215154767635 -0.0158484875118024
-0.09841891986479441 0.028120559801802558 -0.035109753521661506 0.25552808823344336 0.07429663184517564 -0.09019757295054207 0.1617388489678504 0.004309605096887707
-0.2347149171912422 -0.0943896078748582 0.0835229497489117 -0.05136379189041367 -0.02148613184497995 -0.05147159620451575 0.2617862932764486 -0.08100065314526032
0.0010553481305327086 0.19793352783256007 -0.006397608292722992 0.024238372875973222 -0.057715125673655845 -0.041097490662768736 0.21923303257603194 -0.06388079941230776
0.12386840111877553 -0.05926548026313197 -0.17264893577345486 0.15183615954727925 0.2957415526821221 0.016890836775912348 0.24801139866329222 -0.0021340006730697354
M block_0_w_k_0 16 8
0.014822266702716741 -0.0942407221623218 -0.06307914129269517 -0.22530595109534884 -0.2206187122949987 -0.28167375970529196 0.01981098656021422 -0.11655763647281647
0.23184106474251528 0.06952442907698905 0.18189241850811233 -0.2061263498879698 -0.1513087461926445 0.02312158417728831 0.03898782618418094 -0.29393717035978545
0.20284923111262423 -0.042558369956531575 -0.024492937901988646 -0.19983868095275356 -0.08321875653298426 -0.28879897357641426 0.06818660803584015 -0.13469898472588784
0.3125497126775725 -0.041551864400760995 -0.07159904063148016 -0.062140035819709186 0.15303233107645348 -0.13792346843510614 0.1516765215814663 -0.06834181222264994
-0.038137693086455086 0.09003877620650913 0.13810645470220245 0.19874378580851995 0.06557219080815897 0.2154250542619626 -0.12473490081193629 0.06476576055026834
0.023524282336484324 -0.2261127040802387 0.1649044744198819 -0.09462215380636203 -0.13298527917791067 0.1825176515318147 -0.23945347887124913 -0.11169995885283787
-0.14076076671958346 -0.1545328677298305 -0.1807591719610056 -0.03462821211113309 0.16662245032201817 0.06442870378563259 0.10340747395166376 -0.02993005071547485
0.17251833667265698 0.005264355440247718 -6.4263521287507685e-06 0.06529198201897375 0.2089800853926577 -0.004604465547400935 -0.10825772934168709 -0.06188652171735844
-0.053174531625507136 0.09866569730045673 0.15903020122747244 0.21655641480071836 -0.05010014377892361 -0.022236143168513717 0.10722217879620544 -0.2610232793491244
0.17228294389851734 0.24965027506107998 0.005274806408787145 0.07977853587591754 -0.1640343306293761 -0.04456203435934425 0.07701769981863005 -0.14397191321975095
-0.1344278922222405 -0.0014048511328037352 -0.08971635516535813 -0.0014165777562091004 -0.13128385855456493 0.30637192304153715 0.18808447848561038 0.05180562499049291
-0.044425053188728 0.17817177376101737 0.25501667389562255 -0.03473995285141105 -0.17035909001487068 0.12091878273522316 0.07166055647679853 0.10859290320909011
-0.19423844093492904 0.08020438422681317 -0.13389920364389796 -0.059836673453849944 -0.14635045375988653 0.03708777507525017 0.15948493516682355 -0.05480130025941974
-0.01693061552507 0.20138611807967524 -0.09418887066128412 -0.13232838878668596 0.1171292603365858 0.09988439467169553 0.08912644439008639 -0.26644619481081666
0.06790186503674828 0.14311183145535777 0.06721484721575527 -0.278134398795941 -0.045366420899515585 0.07648593494580935 -0.3295912504201929 -0.16378611711943644
-0.11716815656983326 -0.16094741279390906 -0.19510979203308834 0.20821745994087926 0.032282958397602465 -0.2441331636270467 -0.16273220522429535 0.006039444799090156
M block_0_w_v_0 16 8
-0.23044496037018375 0.07201129549028819 0.03181225594517293 0.1946176741343185 -0.11620949714167075 -0.17839160252342734 0.22697421421280742 0.05384635015889717
-0.27006524468291737 -0.21364988784999606 0.16214054959136917 0.04337539144881425 -0.10495503490559065 0.08688491269388723 -0.06589242032184521 -0.23952906900824145
-0.2131346326893391 0.06387168207018175 -0.10146963005017544 0.12839632843332152 -0.14198372567829556 -0.20545609059418624 0.20277199687475964 0.2070960525938692
0.21074212018622943 -0.021572296598898283 0.19151698121523106 -0.1451496894790972 0.16140603355476132 -0.0495051634488004 -0.22726264360134132 0.11071170117803605
-0.09274474256602387 -0.0343104090150443 -0.0476323104955325 0.1774738852152497 -0.2394074506534923 -0.12792254379945112 0.007677866163374614 0.1575097312911961
0.16780063468128278 -0.04056533408591266 0.2933585655035329 -0.06453911141130739 -0.20440089031947653 0.03616744120715857 0.13970886497590593 -0.2525533539749999
-0.08982875677262173 -0.04367591059174766 -0.1091780269056212 0.259203807716179 -0.13093366829445496 -0.15208498627716174 -0.09481485664275602 -0.13254555775422563
-0.16536983635026434 -0.11244136906808223 0.18953352034508242 0.06657563783996695 -0.10777564357765791 0.014376056336332809 -0.09804657968271145 -0.14734454093255683
0.11573118777718551 -0.04646602117439447 -0.04053876170988205 -0.29119754551070315 0.1725930354576155 0.07190161508430817 -0.12568390027653834 -0.1127200281963835
-0.09243033792379109 0.045106788344913426 -0.22044610977889992 -0.1168033170897484 0.010585899794763052 -0.041103344098045995 0.10382485627023842 -0.06896707571896528
-0.14631763726872346 0.015298057437073341 0.22878464105454935 -0.14807430844580066 0.2997024226989545 -0.12656956419271037 -0.10792096885331973 -0.02004905258329082
0.03537710949356923 0.013295461211952509 0.039586813034508984 0.04410190547009956 0.17322905642812342 0.18518939314384797 0.05379809869774732 0.1652415614740064
-0.14303141936353914 -0.16143126782351294 0.0536496589797733 0.06718910054755009 0.13178604252213064 -0.041815317607924285 -0.12417975872340055 -0.13023136103994679
-0.09373875175985569 0.15838010456835694 0.06900208635061121 0.16117286647343523 -0.1265278158799318 -0.031201832451368483 -0.26763563083309533 -0.006192862093171817
0.058583855045109205 -0.24164293582804877 -0.28370334142433606 -0.2777331614476322 0.006289552275784768 -0.03088207662760856 0.07311832515898464 -0.017942830055381852
-0.10080569942829871 -0.15450682168109064 -0.19081076124607607 -0.21003010231842217 0.19247098610177862 0.15882053260807807 0.1393715254116662 -0.05272373614581326
M block_0_w_q_1 16 8
0.2748794886163892 -0.056041513817053905 0.22951358446545875 0.20990696775964968 0.12506096699846583 0.05568354295077444 0.20296319367575516 -0.18134215914692578
0.18501151677000122 -0.05854596919605655 0.24855883520485805 -0.018640318955796015 0.14260932103865154 -0.17766828856428546 0.05067442552831336 -0.2195307641474887
0.018500711470028984 0.07216970076739984 -0.04068836077261857 -0.13169442364595974 -0.04835662406311981 -0.2693206636520925 -0.028165745942733886 0.15274843628953866
-0.16538125774042645 -0.07656659689584452 0.05941005318271461 -0.1495689425106531 0.06211307040544033 0.22991247961308675 0.10974523487417397 0.1251366210946382
0.1019516256776971 0.23564325441804101 0.08325041053537204 0.20286945583430885 0.25379142176655456 0.1701191513621199 -0.23672530271904682 0.03129381816271438
-0.11647714714805088 0.13744105885744948 -0.163614871507343 0.03089099751088551 0.0012264381284213964 0.11907155064661329 0.07879349053100376 -0.14826106336730116
-0.21100206831854146 -0.19934284935603977 0.026897090123728058 0.13454418845950414 -0.16027272307164347 0.26019968633163304 0.28098392403394173 0.19635588252489752
0.1346820525234679 -0.0008642503045249102 -0.03445312425497093 0.19927457447288216 0.12015689006259535 0.13379919165779774 -0.22033117938781185 0.1388173897551749
-0.10660952610740561 -0.0854800032249987 -0.09467403632535064 -0.17111435555121282 0.19478176376718098 -0.04959694091532508 -0.015020239992835195 -0.005223608830840261
-0.1867875082625236 0.0785413218696299 -0.013766044582168525 0.2534817500048963 -0.15197651156107847 0.05730870086123539 0.09612067276690461 -0.2612670887128306
0.02867014675697674 0.24474136691269477 0.21577601091254364 0.10445218262951139 0.19767233269029671 -0.2150726897450006 -0.15816935939671753 0.1752254965166306
0.23730851404987988 0.2712430944307465 0.0971156309217766 0.08227719390242008 -0.2023649413678355 -0.20760283021891607 -0.21532263048424793 -0.11706086823268494
-0.17992126811984677 0.0058855239873607775 0.039300412955456755 -0.018239413036876918 -0.12756710720548564 -0.1232389298682476 -0.17260693312093367 0.2529731078180137
0.07919858787793073 -0.09522294328599859 0.16269805806593785 -0.13534770021167505 -0.04359213087149498 -0.26038512935954505 -0.20272047820875674 -0.2844194025147923
-0.16541331850083757 0.003391760660860954 -0.1607754634783524 0.25732753237735195 0.11559700881878586 -0.030600950107052667 -0.0868394435447991 -0.20962343329000574
0.2594795007046884 0.08639353497781757 0.10811115315474089 0.11150539837883049 -0.13017186743769757 -0.2444368613210842 -0.2514912677146316 0.1059596516547627
M block_0_w_k_1 16 8
-0.09701763081516043 -0.10254795705902943 0.176708568068332 0.20776082630158646 0.21593068242657776 -0.1971536096700111 0.060804899057889446 -0.12185651305691227
-0.09372898077493505 -0.05439071799786586 0.20596483900993523 0.13663369239069603 -0.03972378626932853 -0.08526230407710919 -0.10194567119783074 -0.28731402369891845
-0.008443052902595657 0.07820242131556057 0.15312010528616957 0.23588381390359678 -0.08794260030977818 0.17214508994229077 -0.04526882472958909 0.04790708319705236
0.15505596717761921 0.12672690116276508 -0.17824898151800103 -0.20516863581285416 0.20166597505069853 -0.18900821671806223 0.14809662518566497 -0.06893421215120381
0.16863458280518898 -0.04973367853029027 0.07751001123463563 -0.023822222930047644 0.1968920440342485 -0.28886390220409924 -0.027605922537540906 -0.11591973963443503
0.15965721751300882 -0.1943790089340618 -0.017924911053083182 0.07734011709903788 -0.16488435659361647 0.10285164682562517 0.10678487549553291 -0.1314217854165369
-0.22626583156232297 -0.00848904413113628 0.0009005981330478204 -0.09551371020554605 0.09203960223510667 0.07198753711123448 0.05279031095375503 0.06755160682068151
-0.18178067180938445 0.0484029540327801 -0.2427778310254076 0.07464668460349662 0.14955929294783069 0.04595277566931404 0.0419665825487425 -0.1299033528094888
0.0020715103974210274 0.0518960368026263 -0.0758353658538325 0.09354614150752089 -0.034726904062895664 0.013369313340978031 -0.18783139785761663 -0.06067083100220277
-0.012901372206579035 0.19423880075605587 -0.04162519901092799 0.08937857418129307 0.18157028205651454 0.017112423399923863 0.12290010573453442 0.11186003068595406
-0.1748721530854342 -0.01188735090558381 0.06023625383459844 -0.19570744537041254 -0.030339377383834597 0.043920837868463534 0.07161956567331815 0.21661082485641783
0.24328407456989595 0.14230605844483762 0.24234965998735464 0.08435867408824298 0.05852850797151337 -0.1513891614302377 -0.1720172555144688 0.13324410399688796
-0.15345699697749507 -0.015270462277697358 0.005067975865118944 0.16309051140679523 -0.02523979635108406 0.24876890459894724 -0.057220844746006694 -0.06145164250189069
0.039467293177273925 0.056348731214864736 -0.04532910193185789 0.19302418593221227 0.024252718479393275 -0.07705165215905577 -0.2594690084239425 -0.19719812866805728
0.15497032644144237 -0.00967825930138261 0.25127271557115194 0.09788330308070585 -0.1074415153762313 0.005469289024719554 -0.11314984241430115 -0.17815126653008032
0.015867225013619736 -0.005118888159941043 -0.21541598555432245 0.19315093260576074 0.16621104688164837 -0.07256849848765877 -0.18857820438593992 -0.14522140829705157
M block_0_w_v_1 16 8
-0.03229428687548338 -0.1355059716614248 -0.0682708879619332 0.12285864439955438 -0.10129442830189256 -0.05198488355135519 0.13283423274289835 -0.025973973458257513
0.062220112434516264 0.00784970467086297 -0.026438096179848204 -0.20072243279122487 0.14431488884916097 -0.15895225000209706 0.04306541312217605 0.27157512456139005
0.033864626983492796 0.07429826124046468 -0.017519714212591814 0.14856057035200418 -0.06366505024340531 -0.09006875138190581 -0.07412675087314716 -0.2205831195730547
-0.22572948272945637 -0.21721166645883472 0.17813140357983423 -0.06784931237525237 0.1016133942002733 0.13234167819411874 0.10720692779115797 0.11272114114946163
-0.07375577557764235 -0.04680912273497279 -0.15205910487618549 0.1950832072686098 -0.1158616376067645 -0.16255396520071355 0.08961683332863642 -0.001594050710287702
-0.17642103231100537 -0.0704176223551359 0.23005090188319413 -0.07260485576640868 -0.06374990736750011 -0.17660070324981822 -0.0054326073240118546 0.19624004100211215
-0.10215255860054834 0.14260363610866417 0.04968360417109052 0.15821882139886173 -0.0885358787503856 -0.10504964712587808 -0.09738742953367348 -0.13921497500288388
-0.029746131995584003 0.06451078252301018 0.1283500110303193 -0.11555236074809512 -0.23260928371239628 -0.05885770014076214 -0.0509333054664362 0.137576122808297
-0.07186820160734665 -0.03424510958943198 -0.2362491515575117 0.028151539113272128 0.05779795607328045 0.04600013247885934 0.09193183529130745 0.05259269814180107
-0.21921842489726673 -0.11592553178389803 -0.07029567432045197 -0.17280415189591192 -0.10293109081690549 -0.10776458551198571 -0.07017372713064843 -0.10289931965805513
0.00791947764108119 0.2480925780832547 0.10485939430433341 -0.011919180208551539 -0.055909723492495206 -0.09035812559550563 -0.15133360557154504 0.010324388462663302
0.13505016649011994 -0.0914406179881874 -0.06304117658010883 0.11416995254625403 -0.041850808563072515 0.1989249776733819 0.2544387610961371 -0.14021361713966585
-0.1452756917372986 -0.04009662838295612 -0.07981987689034466 -0.022948187562117996 -0.1114285776820217 -0.11036988878906595 0.21253852468323214 -0.0292450047417414
-0.2591548498533073 0.012905223718636179 0.011726522972007445 0.05553800906417517 0.009505366496922584 -0.1198750152000687 0.1296512036664391 -0.07580927073131145
0.043950026948334435 0.17021322134152722 0.154917957166575 0.08301007530653472 0.2032480323953907 0.14990621876038066 0.130455050754163 -0.0975629537573491
-0.19701400090205123 -0.1438059809284441 -0.19703436337762587 -0.16583058325555136 -0.07458297879594414 0.2005588341472672 0.23074749258491267 -0.013353544555415169
M block_0_w_o 16 16
0.060604072947127 -0.10885559796672767 0.08244195378417235 0.24477483925898266 0.23623305142893067 0.2475871184405801 -0.003030425338491918 0.06971203720014346 -0.08262255900373008 0.12210941810500339 0.19143219547934065 -0.1034681049625915 0.2256011168930596 -0.11904122951908142 -0.04934860044400975 0.24924779491699614
-0.13869581818570817 0.07253456011715291 -0.08353426661509876 0.21153785548680334 0.011828115854508069 -0.0021308349896920105 -0.13759230970649622 0.27174859195880463 0.115999753870382 0.09074606451896398 -0.024452183154613342 -0.1526995091228791 0.2205687585193747 0.2686175207839657 0.026602752335840103 -0.16400459356953784
-0.06328988285111536 -0.05638035069377466 -0.08636097884196592 -0.012748573362611154 0.16337343204683616 0.02563135943847442 0.19049549543737027 -0.1807141674786673 0.07400902034234384 -0.3018065519017113 0.033724774272088254 -0.027144943635403714 -0.2082424643037806 -0.2786560558275696 0.17679777296742358 0.17060968036326604
-0.07344203127156579 0.21815582971937278 0.13704003826057093 -0.14995762889804173 -0.028554130034365615 0.06336448539604657 -0.17878806242293252 0.004580445711113697 0.03344392919320405 0.15870850620426963 -0.030860207219573547 0.07280623992330466 0.046548178006208536 -0.04262499157715589 -0.2516723715789861 0.10883969635577675
-0.11633050058732956 0.05524708440383071 -0.14558422610701016 0.17383913423548158 0.16726773705961623 -0.22634897129871592 0.038797404966577374 -0.015997810669400512 0.0024294831534334154 0.010377457002537512 -0.026096432096653244 0.15504984350251994 -0.10090932493277167 -0.03541723402738918 -0.04188573005005918 0.29001116865906473
-0.12325677177856904 0.11245221117368376 0.09052464289967153 0.14400258417863285 0.020796481186759513 -0.13933995111113312 0.08944787520645661 0.16150906850872535 0.19220620825073292 -0.04022033644271841 -0.2393726048639062 -0.16907504425147338 0.11122942245777025 0.22877938673385406 0.03240512458948508 -0.028299197712407267
-0.09590824993070013 -0.33559034385558395 0.12766399434155118 -0.015856495503588083 0.14229558417960986 -0.1727386914711337 -0.1888451482682901 0.06428474491039096 0.18370530058659296 -0.1805300177083602 -0.13265917802274377 0.20122144075875678 -0.1927316199636634 0.22756034399158925 0.071330849948111 0.0533810078208767
0.0983476234621522 -0.03747689093720044 0.09932613358037246 -0.21631293933493748 -0.25524036391661886 -0.12733241187630445 0.25230665597949253 0.23593252956480668 0.1890473568608242 -0.16233719381112258 -0.027541393473798418 -0.017197679727287737 0.19279806195475632 -0.025525452251394225 0.03334149660738211 0.1852752399275013
-0.20278764525888382 0.2320513455779739 -0.08740416680878277 0.19027038219424328 -0.023939942915307925 -0.0034172094101590066 0.20301539711594133 -0.22758947716047115 0.0070176315436027035 -0.15722411339219922 0.2902698619900965 0.13266911768549314 -0.24842895747824945 0.1211821423675341 -0.2286316177358233 0.157023844827637
-0.1965217004199762 0.20790065146560233 0.16589200156309183 0.06825343623042283 0.018309297047281632 -0.24363574948538283 -0.115307855581048 -0.08095566473476504 -0.014014815770420437 0.19928414581095277 0.16502475273009956 -0.10620124868553726 -0.17144450089255772 0.02010883593139352 0.07994444557752828 0.134345372905032
-0.2565863715458815 -0.1997401113704548 -0.21810337091125354 -0.054345605467458695 0.01577333300224566 0.1328776220815822 0.061929421179400077 0.06897787240555647 0.27050886470473046 -0.12639998418719423 0.14048256572713946 -0.1155261769121509 -0.22846302192868626 -0.011139897777885675 0.28660031217517457 0.1628790221548161
0.051083259748262284 0.19942645029807846 0.033434374210473884 -0.23022206329208708 0.05219175627441943 0.15314668089871772 0.09859514675770331 -0.016828670614738986 -0.17703721890049504 -0.029149048504936333 0.1000484571832694 0.16158372803667356 0.14318465551996462 -0.07060548707339896 0.09084781720797572 -0.16309358241597804
-0.10312580422754054 -0.06790823742348967 0.18747741167560947 -0.12286889470818141 0.09841375970992557 -0.1490626543078329 0.074578330494293 0.09754319804342668 0.024601973573950796 0.023540388389378053 -0.1576003755634339 -0.2149181279507288 0.04422350821993728 -0.09771039078351608 -0.2158931344890212 -0.005928392457889686
-0.14086640168694753 -0.2240425647467193 -0.03726680467494324 -0.1335625140219233 -0.20073298840590081 0.20342295400470892 0.0744718039580183 -0.04513051955593673 0.07495332018784368 -0.1370613601098905 -0.15745693754485543 -0.08241812933643512 -0.0944592586288803 0.017558431050804003 0.00013263781817439841 0.065048086425293
0.057503490588634666 0.15953556116877063 -0.16340691657144096 0.08213084055203827 -0.25849533790643503 -0.21284990884945282 0.24900044909925487 0.21206533051304677 0.15163515833387362 -0.023926973383396645 -0.2651487782279097 -0.15329520209848904 0.14734703064894747 -0.031008372012255255 0.12368448846958809 -0.24354238725670538
-0.130860828046575 0.17601289040581394 0.19520499297239843 0.1299038177340182 -0.01220633300300272 0.10171138285327283 0.0951921204309082 0.08775451870167078 -0.19727090854795654 -0.2004998914704715 0.14829853788156036 -0.023163907717641104 -0.12810772641207044 -0.046590904522453236 0.11589375689913957 -0.09066262056084513
M block_0_w_ff1 16 32
-0.20708281683516339 -0.15124022653873584 -0.306122280120538 0.0008034046850702475 -0.10721261181174324 0.016580776675984944 -0.18549435113740378 -0.05029197657547947 -0.22387688471563819 -0.08875821994674651 -0.2280260741454555 0.08981339905791305 -0.25308449404931804 0.03651264908961095 0.0684245739414491 -0.257374114228561 -0.06873428011790733 -0.06565476264741535 -0.13039711181305239 -0.12215654798169832 -0.13283841621014134 0.11793174632525633 -0.02572048632163885 -0.22430284528673816 0.09035477836949443 0.02478794520939357 0.07901403694797941 -0.16511826716081637 0.045730246476418185 0.1456122148288891 0.20252019536157734 0.08420768815483573
-0.137711816261048 -0.007769344963924784 -0.017917091682226688 0.09633555026108884 0.1702445149845733 0.19649935597982573 -0.10111959131877714 -0.06321554520583038 -0.1617492820670436 0.2832409079904651 -0.20668206639294592 0.1932607492843347 0.16337628781763547 0.10390186307469386 0.21193149971250205 0.04141906217337679 0.04598962751629059 0.019373318482597112 -0.0700028749938513 0.16637834415616226 0.0484024178551758 0.06046440144941587 0.056704730210517425 -0.03168992878100615 -0.02753298347809815 -0.1112657474335657 -0.18871412495679357 -0.08523364138310428 -0.2854308383693354 0.007228348462838653 0.10095004527056808 -0.028069890761410234
-0.06995302853456214 -0.14705628096561682 -0.06629249883647477 0.11848946879505252 -0.1967867843997463 -0.11534086004189786 0.2429824349732972 -0.08963368841624379 0.03436049824394949 0.19610551844887403 0.10076944777880915 0.16030550776198652 -0.05329093859356271 -0.18371116881494914 -0.050880801889401535 -0.21380356231469644 -0.1645074482048838 -0.07513756332886516 0.13746177875281365 0.03255944440717816 -0.13521406375531136 -0.2002899780859191 0.13836927732716625 -0.21643832443740518 0.024519058334070934 0.17343784278759994 0.13072588038049754 -0.2527985975744633 0.007318138657128708 0.21808560164652144 0.2591566972598767 0.2324601786663725
-0.05387833652537486 -0.1950396860120051 -0.09712275892826205 0.15363334660506053 0.02037494858813721 -0.2973399631446504 0.06706040651295876 -0.04991622892956481 -0.05734622840387954 -0.24713666923117492 -0.14407642980764912 -0.19191559821223989 0.312075353807902 -0.08078927677027842 0.013971574636073946 -0.20819150400645994 0.10346077582992715 -0.09673320578004352 0.2156475812618886 0.13772303031964278 -0.05493686418706651 0.1702755240224389 -0.05234544310094941 0.10407342198863766 -0.15231678654439781 0.11680362877601486 0.16677113832638232 -0.015147190098109662 0.08770249354061928 0.048691366891580386 0.03750587006840097 -0.043804556403890006
0.1907948400322581 0.13390967744560936 -0.06865139383684334 -0.02981109984978175 -0.22735628638902544 0.07701215156226988 -0.04544827681991286 -0.11183709569064136 0.09478312408223033 -0.22453688806641675 0.20959082863997494 0.28726953615853607 -0.08770038855906238 0.152760526591833 0.2751590009271117 0.07553071151056885 -0.16461290391750974 -0.1351927790731499 0.21339211140778996 -0.16345560982514423 0.03606690375262511 -0.22543435673416426 0.17955948953103965 -0.21188796002151555 -0.0037010329648353877 -0.19590897926961695 0.03675039023154042 -0.005788539484954622 0.04802625291642944 -0.047050310692191726 0.08756059336590073 0.15085617829676387
-0.08734474267477768 0.17394538576161991 -0.021016185469615915 0.08438209336878658 0.18079758054872186 0.25909658279578063 -0.039090500118417 0.0645368933495906 -0.02163337493222794 0.02957017092519584 0.16778597177224916 -0.09894991371342131 -0.01527837861205581 0.03495497491049532 -0.01926433255876065 0.24288143292051886 0.19062638775391869 0.10901561928564853 0.10555157109418352 -0.02407552875938181 0.21556009983827792 -0.045989340787240394 0.15610779185021104 -0.16750478135760574 0.23267516122431325 0.01755282525021338 0.12509325132168106 -0.14662880191258834 0.20005203333232813 -0.18867304744113833 0.04750136681844032 0.2137338052475722
-0.03137514937690629 -0.13719181962921023 0.05860961057984008 -0.0037361899066614976 0.04346425087482672 -0.19163764953309465 0.10017026533277916 -0.12632860405881022 -0.28526810475494757 -0.07075916958092866 -0.1031530680923243 0.04615121039746357 0.169998002388996 0.014382669193744781 -0.16544752204254423 0.09658995416074662 0.24950209499280795 0.2446286647462457 0.1309026509386883 -0.0846374007388395 -0.06203295482937582 0.13070662483800088 0.234030980481866 -0.06513446763323802 -0.0810196858748441 -0.07737403769663906 0.03412524195735483 0.01829472634208253 0.13478260549864518 -0.2608850791842639 0.02692720726693994 0.2009502291014336
-0.22579060679840787 0.023515674581490884 -0.2145418541549154 0.04659788911723098 0.2567358592031611 -0.07018883399231714 0.04764865626852809 -0.08672690390752105 0.231704916668708 0.14269959270238344 -0.1939904598672768 -0.17811802902814244 0.013763135462594353 0.13315150653858973 0.05376779493287265 0.13294293254788486 0.17922313674811438 -0.13585069545419154 0.10419685337452742 0.03287234611676091 -0.09584867739552616 -0.1318333003093656 -0.2618635404643824 0.1182219682036539 0.055410085977939914 -0.25958920417704673 0.0868011739061742 -0.011503908578838965 0.0005435568308208745 0.05864850907116176 0.11603270501308315 -0.02646235496866539
-0.25138801561247337 -0.15199497304356255 0.07098121138643644 -0.052566403268272964 -0.008419334845304523 -0.17459290187479204 -0.024998712692871534 -0.08467462675996704 0.09123020341318382 0.03701510507753 0.13848458852960494 -0.2100409839854607 -0.14404417444300768 0.25043065653869273 0.08585431180991926 -0.08830284727056238 -0.21428082295892215 -0.06621563017512369 0.21213266006479162 0.20430918393696101 -0.21206812065245134 -0.07621151872394273 0.022163769011748363 -0.2958082863389376 -0.08182514895117603 -0.04014368037783883 0.018803453816908698 0.07445311713412725 0.03211720441760299 0.11704618102543672 0.193904251727353 0.0011766671117779295
0.22523876954387023 0.05894976750534192 0.12032380483063158 0.06616920826790627 0.09262004239875643 0.254562536039889 0.11723683493387953 0.17751551376752475 0.01590286789975765 -0.09588407978754819 0.19059673436467636 0.042185359619950326 -0.2419765743877636 -0.1955285504765759 0.2023208011535008 -0.042888725249948564 0.1671460566222747 0.09431604433470636 0.07681740135204333 -0.18121361189084054 0.07243054436957878 -0.03852998745283423 -0.2714692915001345 -0.13325137138092683 -0.2576907208243805 0.0803154490693349 -0.18303075291566054 -0.3127211696498585 0.18749338638054516 -0.2155755334851174 -0.0837323555699647 0.1364222592580261
-0.09455720834157304 0.17291976648434296 0.014312421135338413 -0.05246639812114983 -0.006210302843853446 0.022785935484662092 -0.2695210723725204 0.16374143490168194 0.14937147944992443 0.15524613218357516 0.17099051134944193 -0.11461803659155584 0.039170262737336314 -0.23473320404013906 0.2104976130270817 -0.009493783589959047 0.21884748551656127 -0.24879901631771645 -0.2364630158020605 -0.27753611663764105 0.05155718254372725 -0.04194811628084063 0.09547169131018687 0.009316226792271653 -0.23228539661455616 0.1665639371250489 0.20550295256257006 -0.09474151706425964 0.08122686677219146 0.03122561827656928 0.19441561849874706 -0.04059166823724902
-0.08787341695329802 0.0027105526721643686 -0.1579486692982847 0.049700599497619624 0.06184139778631925 -0.13253006309300183 0.16704534735054116 -0.025352484809301676 -0.21978299456376305 0.15151617965613579 0.015084471162914745 0.05766608298107795 -0.27218213206003666 0.22516902340285377 0.09165021164451063 0.073706802023437 -0.056003158713487836 -0.21373741141635708 -0.0691305623782394 -0.14246617589423222 -0.17303733162133791 0.098347357854551 0.1430295415286789 -0.049374718355705435 -0.21896568146457696 0.021821489849368755 0.13206846207357364 0.011610816981083905 -0.045215333888274006 0.19923354683356526 -0.19345677898529262 -0.13103586519969243
-0.10774224870220384 -0.12183418570714 -0.2519630957010222 -0.024028485759441772 0.013385121545088035 0.0509979646427128 -0.017682262596767417 0.07310050184227265 0.2559141902334053 0.2645798449225887 0.03881451768297193 0.18566678527086922 0.03870257192733937 0.10664730391336062 0.13664734388027405 -0.2886022054356615 -0.2836798979265191 -0.08094497653962222 0.034861571010208585 -0.08806497530762286 -0.26772583726484267 0.1938638552685875 0.1757142626020724 0.02931494725630719 0.04185169094735605 -0.02674852797982624 0.11667454373508813 0.06242731705777953 -0.0659452827245926 -0.04142658855980174 0.1453364440244974 0.19276101210236193
-0.2503976537284292 -0.1385689542025449 -0.2179339373267187 0.1843678470936588 -0.12237086183999522 -0.0550588029802135 -0.1482089744226175 0.25699564351189436 0.1579735552531713 -0.08084550803234333 0.16434146732524904 -0.1536944542575188 -0.05330125867541463 0.23063856343335748 0.1651050390100472 -0.05133166595020959 4.1216386041215765e-05 -0.08385414334385034 -0.22959021703126462 -0.2091505744849117 0.06821648978706098 0.20021998315802644 -0.24148677974371752 -0.03826813664264204 -0.1140427479994837 -0.036754379907424375 -0.14315830064996496 0.1610740571255074 -0.146764834649662 -0.0163695616198764 -0.12314719168528784 -0.09871493954006662
0.19670404780397197 -0.09981718344992346 0.12970317064872933 0.21252716376200367 0.010392194866399538 0.0917176347278887 -0.03761546060892359 0.11845660015929703 -0.1939346910978186 0.03983794212591349 -0.1551670802568201 -0.007851220277969207 -0.2957386821337442 -0.08227152826570937 -0.008198678838544705 -0.21327771516778013 0.17139187297178773 -0.17364257284760407 -0.11746689669527109 0.20000821032779856 -0.16831754087068287 -0.04235199589709293 -0.15739271685925132 0.03165846976370943 0.2252542544328377 -0.10888887381678386 0.1131636486515872 0.1663077656840158 -0.30075372391872746 -0.048120913550571985 -0.11550615078597756 0.156261657058175
0.005685887993969848 0.1999770414079328 -0.2980113518144709 0.10805914871038455 -0.004865993506232365 -0.0410139839597821 0.1381027519535738 -0.04424865999360394 -0.2329584699947015 -0.13745554629983575 -0.24727026490688037 -0.0950163719431048 0.03742823850076919 0.23198059426513098 0.1523110384055562 0.16263192505760096 0.1656809744098869 0.05497962785694858 0.11618910410760344 0.1573959541846461 -0.254443243334468 0.12409986842210219 0.026654697919164694 -0.01079645132383199 -0.0669556661900161 -0.19144602080762824 0.02019586610449934 0.3034688870040284 0.07653726561960933 -0.17030814443322406 0.05443830818268994 -0.025498568364931196
M block_0_w_ff2 32 16
0.23087059540802368 0.08649115026911776 0.24070893331132973 0.1309027626973196 0.1853140446965566 -0.2226602225610031 -0.002967237596044681 0.06842436610683586 -0.041035573961468716 -0.20828661081321806 0.060294890826371766 -0.03926690513681985 -0.02755250912205099 0.07823523153665987 0.19485906436449102 -0.11908230995672384
-0.2340731855061465 -0.03176446134798017 0.24217845573574592 -0.148957594502532 0.05469261434154358 0.053805605036741866 -0.0382130664767361 0.16720811332878316 0.20003593156975782 0.10088611132191526 0.20835979836344762 0.12344934867970343 0.2322493126903242 -0.0026725498481313423 0.08301766823290457 0.29174054063952864
-0.05745764733287626 0.21521992788690797 0.2036206530551684 0.08560217823349722 0.23112340073782286 -0.12077132146954306 -0.03927938554481534 -0.18701466816245108 0.0778925957742081 -0.26783764398340887 0.16846792862016055 -0.2052478911994049 -0.19254358268794117 -0.09377801842212498 0.15824485530480414 0.11856991011410808
-0.06993684720453333 0.15382714589779667 -0.17345798248030672 -0.00495083742634067 -0.02596406974528155 0.12280686154160717 0.24428444654531567 0.11503750421406019 0.1448527590179505 0.19902550688230547 0.1650633537218254 -0.2072698584404308 -0.087118767452822 0.14124264064043687 0.17758953972607502 -0.12656360149970913
0.003506946156050427 -0.05458396085859231 -0.08769891328014537 0.12919220953962673 -0.06221346236341221 -0.11759697182447928 0.19401841394560013 0.0565132262804623 -0.12473712037437887 0.07408084861509791 -0.12752510345526966 0.0010561716003027642 0.027316068989483196 0.13356979335125038 0.05702478084383726 -0.18928822154005848
0.10729511155844666 0.18952484318237503 0.16070983128276795 0.01789162738541909 -0.20594750097254927 -0.09978240114511955 -0.061239152474019225 -0.06110974294814164 -0.10209312547540651 -0.22657446845193105 -0.13050654173368992 -0.02154121661940311 0.1304265762272957 -0.11085058571024715 -0.2727081364904015 0.15624363950111408
-0.07000692872013502 -0.13112809270526496 0.11106605574112342 -0.07462639436902169 0.14010147817825697 0.20126632605452005 -0.14063308785612477 0.21552672138895548 0.07169491065152107 0.13123989007966175 -0.29375556132860314 0.19667484362470464 0.12297042874156121 -0.03136090361494049 0.15437197557160093 0.014354514438942175
-0.15090839127868763 0.18968994645539455 0.04914252532706382 0.24557465799395808 0.04798795051987539 -0.1236491883677982 0.22583339610064768 0.13907379956463534 -0.039664067803644586 -0.11261215803851066 -0.1953578364416152 -0.004767553728153805 0.08541436514678563 -0.01047482579999205 -0.20470281308965457 0.2897911254814982
0.09723339040123134 0.16524095107618544 0.1974482715157118 -0.22479074555385792 0.05266801735760395 0.29412245945766874 -0.009787842444648677 0.0558264615994864 -0.05804089105182092 0.0972085823429045 -0.14401942260221126 -0.33102869434509863 -0.149653504364191 0.02366675302406636 -0.12016490430791447 0.2143343281982693
-0.2047797429385022 -0.053759438659057794 -0.08581149970458347 0.11340695470299322 -0.17753251183383478 0.06645778383591783 0.10576199409230658 0.02171264790560002 -0.20218135131838913 0.1053860196831317 0.11635283686416578 0.19199780024578905 -0.19089664973008305 -0.11548183462161384 -0.2830310946152954 -0.0017566359799039482
0.1557661340920063 0.21554333279684398 0.0663876567030897 -0.14492894131291387 -0.2222191596153339 0.005137003781964279 -0.12674083340420655 0.2760326702594802 0.028113836638837344 -0.2477416530944164 0.18985973317941476 0.008802966227182683 -0.024073953962125853 -0.15622266703072166 0.04338703359175282 0.12972702605590342
0.14605234285013804 0.028953631167758582 0.126657062777367 0.013935331491905805 -0.040802478817692465 -0.04316951313306775 0.1214202235623147 -0.055817760133342935 -0.1722294861443361 0.06125440093405895 -0.10487421223610177 0.02322140393519171 0.1304783068338979 0.1248010345073813 0.005775973613839826 -0.2112790164301416
-0.2580809307543446 0.04581056163865452 0.23420300053499946 -0.12762930078674747 0.19330754040401796 0.16722786656144495 -0.09137772579635757 -0.229228442557248 0.13006520633592197 0.0560768227631189 0.11553214168205611 0.22859307897492778 0.026208967693318323 0.13554528549320127 0.14148095540026567 -0.17730949996744524
0.26778977282389327 -0.06096951809796517 -0.24486843036087105 0.11550036528644464 -0.04965614025741141 -0.2204695874311293 -0.043253617335164925 0.09385869776748336 -0.1828565123711814 -0.08345491985973891 -0.0016413145189151856 0.018862021672832636 -0.06843329683447875 -0.07490436748425519 -0.008564323236726627 0.08182822738324225
0.06430773090622899 -0.2985942322236189 -0.06422792034897166 -0.04211399342223577 -0.1966721022377645 -0.0749648154659878 0.23489288604263986 0.031349239516051175 0.19804918634416352 -0.23682683476340805 -0.045790898094638065 0.057945730893112474 0.23689134693370556 -0.007748883593017368 0.04201068817683767 0.011018619383552126
-0.09190193141150513 0.24031820504747273 -0.17587954699266972 0.1671735849389627 0.21395558733098016 -0.23300112313750712 -0.18517205920567806 0.17887213025527823 -0.09824007602081711 -0.021606600133177008 0.09085903644512697 0.022242960652311072 0.00991758934790394 -0.12606499109562988 0.15113566516892094 0.15052930068491846
-0.2116548222293411 0.2970737379530224 0.09962201820143687 -0.19525877825984542 -0.04117497496097645 -0.054538057818970094 0.11059062230892688 0.1423249123673896 0.053280853363641315 0.00861180882581381 0.2517995203931899 0.1836798763296945 -0.18758503859572845 0.002867735512430066 -0.09131357265960822 0.20708359667913365
-0.15915139032206752 0.2140049799373179 -0.11151361718248218 -0.0465401992871321 0.08047569599644366 0.09297337865555284 0.08270022739505736 0.03983276560263359 -0.13745670249435485 0.11565073080234198 0.27728078351694646 0.15066121135908628 -0.18608610456771274 -0.033921890610873834 -0.07739043615157308 -0.14259433475406186
0.18706294277622584 0.2127079825672661 0.014798084405817006 -0.009427345963339205 0.11111162372002467 -0.12849214668418663 -0.1237331906697591 0.09110700720110011 -0.20630475242646043 0.1893724928888774 -0.1682121752757327 0.15077989232547137 0.1445944502429603 0.1469133224802741 -0.10999218482859696 -0.010009967892541532
0.13033325436309212 0.16413459047110093 0.022875404681221997 0.08997290961779332 -0.17437788747324381 0.21795284424279485 0.06980358233567734 -0.12234601030369845 0.14436092504457237 0.28921141614550955 -0.2800040659829705 0.24440459194925462 -0.2503786413296573 -0.1701020252963131 0.016840075977716945 0.16347426444694993
-0.12176871370066941 -0.02822191267531784 0.08680612155092406 0.04528392525430304 -0.05750737040364374 -0.12688126277735415 0.10499961340462187 -0.035010180126462544 0.12323408808087913 -0.2450943521355341 0.022736233386727114 -0.13607296269812294 0.23904319579639996 0.15833681447439057 -0.08142740587014691 0.07790722562713967
-0.26542884501630143 -0.04647937960925125 0.003063917190284031 -0.11168777826510203 -0.16995991452820586 -0.27283601584876266 -0.14518491184673737 0.08000920317078514 -0.10673161948997141 0.029300081152785724 -0.12962633583754268 0.19907257255803565 -0.18415498642560194 0.19347983790019216 0.0037495294750121474 -0.10676208474141043
-0.2006332088182978 0.2745941857128568 0.1493667935276046 0.11105381565935965 -0.06801135632580224 -0.1796373257121996 0.0024846273885431244 0.12237892338566542 0.021550177348075298 0.04144464260952848 0.28756840085426005 -0.07540474738897356 0.15221485360278503 -0.16208886065427894 0.0851032653220491 0.08300748708958303
-0.1975132176509775 0.08664634162296578 0.19915846933147813 0.06648887817135538 -0.0415894839946382 -0.07812212532483198 0.05307153212586018 0.27126735190233897 -0.0017386982393114796 -0.10058246930962325 -0.20772507973208393 -0.041785442156477025 0.025141309360900824 0.07345392824080185 0.025727978009244593 -0.06482094351507064
-0.17567633522964357 -0.14720265555503326 -0.047862219054674464 -0.1746741240443323 0.24080067634021615 0.1054217540482173 0.1478832255668549 -0.21804962798645633 -0.22426108587677754 -0.061277276811428326 0.05929884242704513 -0.14130153742691295 -0.03692053390496485 -0.18474986550441094 -0.0049767370031299765 -0.05344860211377892
-0.07164960059031733 0.2250756419265391 0.009509054108054301 -0.09209228254312386 0.14857872938220176 -0.17133066356163645 -0.16366772012772468 -0.19909307967088125 -0.0839933248683892 0.04894948479001499 0.15859980436601415 -0.09387602999081682 0.1356438013874167 -0.2451249468991768 -0.03195775008581981 0.17717596903649777
0.06839568974260682 0.23146385944795564 0.3403954416348776 -0.3235072733362181 0.08235381447686456 -0.05160570124777043 -0.2893900424542414 -0.09369360499646273 0.11531935881228364 -0.13882526430691136 -0.0261300972371127 -0.21441764285568862 0.03045212501262067 0.038235674473316314 -0.06489970703837251 -0.15234277842680125
0.030791430283134746 -0.2879243927182222 -0.2608037075078411 0.01344359105648487 0.26378427989497555 0.214611332177873 0.15483770043406783 -0.11503455519033706 -0.07054254191163224 -0.1034551301432048 -0.1256652724289226 0.3048842746589898 0.12089519403797695 -0.26060853370256126 -0.14138013788678752 0.05529349609321422
-0.13287277257611851 -0.12384407106444913 0.006005013225101691 0.06395656324278774 0.16235965142583317 -0.19078306103898687 -0.14271483893748171 0.01444852012818731 0.039232247897828344 -0.11651547553026277 0.11377381906358594 0.19745796332593735 0.11360831769252096 -0.11568580708810643 -0.019200811646370764 0.0021731676401463168
-0.2196238380870235 -0.229262515222588 -0.03481481823129151 -0.0064073291682225884 -0.09010504924178205 0.22572799721803197 -0.21413077149625817 0.10837697938089294 0.07455406423631047 0.21151210907119963 -0.16886151913666247 -0.0265247510223553 0.08471077003528239 0.2997906194390556 -0.08558192268692039 -0.25040321278387884
0.040820948837671324 0.01151405931475521 -0.1824531214917806 -0.265607634846734 -0.12785284423241935 0.12045670110550476 -0.11561693645275282 0.10282865820838341 0.12601368858821668 0.023444917813036016 -0.1075335532101024 0.06010703161209311 0.09751771749144532 -0.19396178003417272 0.024824468839554307 -0.22444477266624624
-0.15998347908700328 -0.18459939150240606 0.29183620637320046 0.05055782631169464 -0.09904942221269782 0.222565525901209 -0.26266106712075865 0.2398255126897897 -0.03216974042751816 0.019577349620577694 -0.1838519861299335 -0.1231893421715517 0.21675000961299828 0.16569576779311376 0.23998337439891584 0.16351665146031583
M block_1_w_q_0 16 8
-0.19919831757617978 -0.27669284071001443 0.27375638062734986 0.23899918698615677 -0.2258061815758333 -0.06128907902358247 0.1831293341569173 -0.21403885795419303
0.17018854351325935 -0.014939758410153482 -0.24472909852960534 0.002814963231972582 -0.005702792640548481 -0.12983477692567033 -0.19819737614972047 0.10356784057415205
0.12288688425116537 0.23129221284155438 0.04716783511769827 0.06179204491449074 -0.11667056453653354 0.11250998851213127 -0.007782929937332924 -0.16514339737820008
-0.17189917624732515 0.20771483041442715 0.1474853126715808 0.08064099940946473 -0.032121779267815176 -0.05021985713362382 -0.24815776850275623 0.19825723530614597
-0.05960928609078978 0.26178971514191796 0.05737825714683397 0.14265473458206407 0.2193347449009797 -0.09427989018282197 -0.019296873338061217 -0.045827336226495055
0.1397765051046904 -0.11692256367648686 0.12278111115655317 -0.2676873899962809 -0.10127785737430998 0.1591192939426283 -0.15382293110498724 0.18291969731539334
0.01968071373349232 -0.16143337013009196 -0.04614148576804276 -0.12253332583349773 0.11457368434680278 0.197082577007547 -0.17629491279518292 0.03932874081674986
-0.13475761203276607 -0.18251859632288803 -0.15371926740042477 0.0498873614417035 -0.032901341886259754 -0.2002810131195849 0.03318816723505707 -0.1694090262172501
-0.27112373599662587 0.11153006881216707 0.10580145026260278 -0.0880713455394708 -0.23122144333161496 0.11805366915332526 -0.10845209940654175 -0.18346415175285483
-0.09751920250738412 0.2465085360001314 -0.20595028108384905 0.09283479573387078 0.03731587881053869 0.2790108192753731 0.11532149682529853 -0.2313966210864359
0.15824300887146095 -0.016232284939011108 0.18293409964369078 0.11045935060678894 0.06018898788727888 -0.1563979825205955 -0.23997043553153996 -0.07165561468896767
-0.06884580477095814 0.004752215104937782 0.03478617996709409 0.1767361317073799 0.12418231847661815 -0.1756306920530306 -0.13473796018796352 -0.11281921187082858
-0.030265979571040467 0.15651408899846175 -0.20107630557528003 -0.07555742269774696 -0.08908393728545556 -0.046398815929619135 -0.06571211087662895 -0.07867502318620075
0.18975225936630286 0.0328767852019827 0.1465549622865983 0.1563204391626324 -0.20408562419487203 -0.224787038615777 0.2875333382825221 0.08253016844476964
-0.13892946494098438 -0.08123570736625518 0.24879738159663098 -0.030686777227817656 0.18020918040391648 -0.26929874099961476 0.11659659748247928 -0.11455887495631015
-0.10187410416958707 -0.1315148142781794 0.15234876316929738 -0.04567578837256031 -0.06082542454952947 0.09326443458952131 0.23969599661781812 -0.15335589764132398
M block_1_w_k_0 16 8
0.13367682033970507 -0.20854149835099753 -0.008991944103726963 -0.10076295812994962 0.09594839460100041 0.1821608202315808 -0.24667052373826753 0.15393520348313147
-0.07863756884203342 -0.030093724335526203 0.0554054528585916 -0.2012878401759944 0.09467078575283076 -0.27014767591451005 -0.09587913854155952 0.001185483976914998
0.06560070884413835 -0.20678281347319985 0.2385237702226348 0.1927935196145712 -0.022297910407550442 -0.2501924958813385 0.040587604239857106 -0.010785203455317327
-0.1622123349341858 0.28273494930658777 0.06315235508922658 0.14473054285816442 -0.0194012295358866 0.25802388757847206 0.16917333514941044 -0.14102986840568374
-0.19962548021480403 0.031124645556604713 0.1250775664499976 0.09739490761581648 -0.21226613022105978 -0.2182868172152223 0.07909165274530439 0.08539882598523929
0.06549788572377856 0.002411567204743322 -0.1542905785074949 0.2148274368262133 0.06919280386481101 -0.15508740563972676 -0.01564422644192469 0.07381668232279648
0.04876338234967676 0.1763847243205734 0.009295904800004572 0.09907451703350369 0.00398689192720148 0.2640178681148662 -0.06475998809669312 0.045707478073002836
0.23384241315163953 0.1586513350849838 -0.10684433930696913 -0.0804962261438006 0.03202801211690182 -0.12035682101216431 -0.07755890172028965 -0.08091850363626513
0.048057712411502536 0.17195971342513938 0.16874260730863994 0.14750238157383613 0.14479781789129167 -0.2920521621447051 -0.1253330180068128 0.14178919961654315
-0.22421736699935854 -0.12018996910313569 -0.022865405468638193 -0.1671985440461244 -0.055376688518888884 -0.034984249911010214 0.08407301385873452 0.0658321793171129
-0.11565326658660109 -0.11970631926132805 0.04559151344581125 0.0002831243358916956 -0.04614181471488708 0.01129350716460404 -0.03309906725149677 -0.19280987978191852
-0.15364545853623918 0.14193652712868043 0.07498291665654631 -0.2604762966487927 0.09673316575977572 0.22036987965093718 -0.1540017669908235 0.07970439103318587
0.19814878296028623 -0.0909031658959778 0.18010242526656886 0.11765536370325959 0.13904331158812264 0.026968949765081945 -0.08059758755944678 -0.13866527329573333
0.1369581150559901 -0.0163448950904487 -0.038512235639622173 -0.08139148164169488 0.16679424872885 0.05803505199671588 -0.11719136806055333 0.063320069605184
0.2178613642679103 0.1442087566345111 0.16026002534776582 0.14863596605150842 -0.15906029808950037 0.20523843895655655 -0.177942146465271 0.0574672755785633
-0.073143797187228 -0.05321260923455305 0.20365189796770772 0.04021415549582401 0.11800929360746103 -0.17519084808217095 0.07572542075380455 0.17154733948566475
M block_1_w_v_0 16 8
-0.08670007666676145 -0.2758154048582831 0.16620110604655258 -0.12129865232009618 -0.06375872382484223 0.14097142022600745 -0.019970464651152417 -0.20416389843637542
-0.2535709907182041 -0.1927372825628794 -0.1839616236510521 -0.33784979356293654 0.01452178167371347 0.08351868113221501 0.10494874785319923 -0.13557465527697624
0.13118070524901732 0.1140418349561137 -0.07726917248966378 0.24412699666216947 -0.09149742090297659 -0.09585702715766817 0.12821992034132082 0.22776435618227733
0.230552690607222 -0.10286611421175333 -0.0035082513154388087 0.16105787064483715 0.052848737712122854 -0.10977541594115359 0.1449031415822484 0.13117060049190382
-0.07511696377746886 -0.06020516418524117 -0.0435865028954398 0.16205856230266683 0.1717452443423586 -0.03307411053172933 0.11208605547220363 -0.00013979282067083307
-0.24171085262129993 -0.054955313858741306 -0.30681573813886537 -0.1403848443033679 0.16587089143587275 0.2981712675784149 -0.11109700217152256 0.09838584705649212
0.08854774998424327 0.20313970348561847 0.11130456939826594 0.17913928277656216 -0.18649460769473478 -0.18476266432940638 -0.0463981245042994 0.056255740664431876
-0.05445599480792688 0.14685992342467183 -0.024709875103285536 -0.05332137030727998 -0.16847873184946782 0.2849304267754223 -0.04846789049407223 0.14171129669529758
0.21409085935496605 0.11877078815324531 -0.10023871796877513 0.022083875664529184 -0.15005684992385174 0.1914580818732259 0.12821685828328175 0.16823289969968638
0.1522589683830571 -0.2372188430027629 0.22474897327583543 -0.1487932171421414 0.1313164436934794 -0.23111187764937335 -0.2649865488258793 0.1193487507486649
-0.06326336747301167 0.11601561798597398 0.274591841462079 0.26144716479885644 0.12136086582957682 0.07447518721544055 0.08462980860651799 -0.1257638563753262
-0.2854021347257769 0.01136667179818472 0.1707348493377498 -0.16853589109358905 0.020704718127790445 0.18302795017984164 0.13078685559145914 -0.1850323114169614
-0.1961322741265826 0.11347326717207319 0.20891373480611883 0.1574318301747927 0.010482705110958427 0.009083150678206132 0.10890817004697458 0.11796230313368204
0.12474400871422582 0.11050778761517788 0.07874164430905073 -0.03428537155962838 0.017371641278391144 -0.22569345260196658 -0.25229959707525806 -0.1830040667765208
-0.16853172306328262 0.20465878051236963 0.05167041555794125 0.19518057017935336 0.012096252741648536 -0.10628158687259076 0.13977495643659665 -0.20301743839673675
-0.3119565006707097 -0.16400734770070377 -0.13755895016464723 0.1184072039336458 -0.11522124616281035 0.16962769766545413 -0.26899964463604176 -0.05547261646859702
M block_1_w_q_1 16 8
-0.10681128697676287 -0.12182826713933632 -0.026114117721339952 -0.005164270365619071 0.21556842229198417 0.19018162635543348 -0.018822903688529798 -0.17158172602083388
0.18451807215997076 -0.020377463734622493 -0.2323636555817087 0.1784308299192615 0.11096116224068742 -0.12008262045862124 0.13476579698087435 0.10167851378707864
-0.19614429887737933 0.02517722079642662 0.14481277503964637 0.28061763489450675 -0.23348305298893582 0.2564841338881726 -0.08635829073878445 -0.08335943218129893
-0.09466234547877957 0.08911433183062933 -0.01448584865437634 0.14319262890822268 0.14936809146769264 0.01175541188579628 0.05788293174580023 0.051582684799609244
0.06390118798377994 -0.05501535441200313 -0.2435716878766989 0.022266003313036502 -0.05794727248742794 -0.18335161444246714 -0.2555162280114889 -0.24696696531889198
0.0005731767161517079 0.14896894443611877 0.07639396829886555 0.1555138220601353 -0.19116069675491457 0.07846893997051192 0.1447423180548054 -0.23395527528133697
-0.048140882511975555 0.03708348362026676 0.028366192920830875 0.03366779193882438 -0.10308623971704879 -0.220542818115099 -0.2432375664685893 -0.049059161365608825
0.22107899545714566 0.04008012331759427 0.18210233978795765 0.11212787731759931 0.013011840190185505 -0.14139727637457689 -0.034150153894994185 0.025473719700868012
0.11812764419589113 -0.24809534621916166 -0.18143503113688303 0.13815893634104953 -0.14439453108607558 0.04193973504695615 0.18724043335149437 -0.21957625500523992
0.11388857238994635 0.1339977408520483 -0.0863087136992578 0.0953926168471885 -0.004749532966561998 0.24546467089747978 0.0034986329330751516 -0.04966549793213997
-0.18961053251159607 0.04851818777624949 -0.030649623455644582 0.13615417986284367 -0.0013737159306266623 0.19527430493926182 -0.07403468411874845 -0.07943466341516103
0.22303823330168665 0.04353265913107853 0.1384176436095016 -0.028418642091880893 0.06471181066873476 0.09790848650715663 -0.00833755881336695 -0.08321439502835837
-0.22973390792903298 0.02058429208856871 -0.20178736963392052 -0.19876377599594414 0.20851526129090517 -0.03774559787304497 0.1734626068357041 -0.0725819513835162
-0.02685108972585837 0.15235666354174413 -0.11740697980840509 -0.08398693202189937 -0.06809252885915108 0.0459906664995354 0.12813067537191025 0.13501199200091776
0.2967162034800693 0.18179571580473708 0.12006908817871756 0.0504638404775129 -0.08289931424235411 -0.13754207820996828 0.19089929910737705 0.10253833886226595
0.21954679465691276 -0.01866976638887108 0.16064638116488475 -0.09524687799685813 0.13695023976521234 -0.24224523923931565 -0.05377356862327757 0.21745872400489377
M block_1_w_k_1 16 8
0.24784442802733023 0.11202957942252227 0.14528050171937235 -0.2338318981280449 0.04583434547745688 -0.14778301191915477 -0.12344147723401268 -0.11915224280613597
-0.13093714037123355 -0.04216492912974089 -0.10950341229967382 -0.10861794579162135 -0.031478710917429514 0.2975820688922438 -0.1320876061137244 -0.11820241895282667
-0.2850665128624399 0.29376499910028536 0.013548634377198185 -0.005472803673751096 0.22833249236529543 -0.01820693865743497 0.006571997954183644 -0.00688760359042962
-0.17717471152432396 -0.027322743842321452 0.07614154098941199 0.2549460340208128 0.042777527912889544 0.0670637773304854 -0.013741286422648446 0.18792344402740313
-0.06926083963562561 0.07225595995982156 -0.26168400040562506 0.16285756605640067 0.09363355614551487 -0.09621082132290662 -0.2366329017893714 -0.1835725138671197
0.01372514186143541 0.16280851692700685 -0.22338993281763292 0.13839095524018782 -0.03668358479595727 0.2781137904715201 0.12229928812279771 0.19454872398339923
0.1041427694333428 -0.1561231606925842 -0.011321385911520421 0.08358753664080251 0.0354413617186419 0.07800750823139184 0.025885731697609143 0.13541612796499275
-0.01623234975883016 0.1205317630523372 0.15814712015231902 -0.0491215053644654 -0.0011664896353118176 -0.16532538253258483 0.13398387300942566 0.005428553838322281
0.04220044790400961 -0.13700884148776635 0.11253457270205412 -0.14462578847277507 0.2177538199050655 0.06789395587322876 -0.10301027066500978 0.05844640337644607
-0.21008806071649427 -0.12400527632718607 0.24159248805461728 -0.1314421031750543 0.2266407900554462 0.2751174444204958 -0.0026597514124872303 -0.08934516810764248
-0.13592047686109957 -0.0834499113043723 -0.09203195270517964 0.19315552992187462 -0.1901719226285738 -0.13564610550841869 0.24983375069789487 0.0985085411486389
0.03714100774836999 -0.13446712379681544 -0.08079356418158835 -0.255063373978855 0.03194089747443025 0.051991648648826765 -0.09357543547773041 -0.07327880468823217
-0.21494343236200644 -0.21920192439706263 0.19781624216875382 0.10415726717977916 -0.20763834801372616 -0.22294161016099612 -0.04484074909674221 0.16977198968390533
-0.10514806097387804 0.04407888983298235 0.14623647616247365 0.2560135826028883 -0.23092972543959442 -0.04714335340605651 -0.028913668899530294 -0.15368560687054428
0.23282235772258936 0.15501510678139546 -0.10654185463203451 0.1485921613525028 -0.19950024726627966 -0.21514508643254251 -0.051385448226568035 -0.021232542153195692
0.15398257645924696 0.04364112728036925 0.23650554041617483 -0.0728878231566079 0.12941525785869254 -0.006947452556466043 -0.266586386116763 -0.031241137806834463
M block_1_w_v_1 16 8
0.16340008845395013 0.01782884965169802 -0.021931303022290273 0.007756966614870936 0.2158107416383487 -0.002062492697600657 0.16008090753027493 -0.16787717318047649
0.27083736317616736 -0.13709900136064937 -0.012061326855813731 0.278090259704926 -0.024633181685019396 -0.13022540453290896 -0.058817029791125824 -0.02435091818146538
-0.15165364392960687 -0.13041945322949403 0.24434792101719718 0.013984104397173739 0.24007518834962294 -0.06323867410834771 -0.16691299062053477 -0.2138133555616961
-0.15301186926057742 0.07834325520313717 0.19604475180962852 0.03037883438082947 -0.22400523240751066 -0.06958015666963006 -0.08569819992467846 0.3000151551852515
-0.210008226063353 0.06703317711177903 -0.18242984519495858 0.2948054402557582 -0.09169058403542142 -0.006676674718079006 -0.14701076199038687 -0.07128391632592035
0.0019797714625784304 0.15744222318869552 0.08622690329231268 0.2202171808885454 0.08071895850755867 -0.3030488415281452 0.14220662515282403 -0.1801861773046627
-0.11274977293919278 0.2203124270270509 0.12649390385919532 0.043326913733580934 0.0463768551105999 -0.06845568557172806 0.23993950857726348 0.21559764898032394
0.15483045075300547 0.22905008457846315 -0.08787745241069277 -0.12632810216057092 -0.11496003753259904 -0.25321782540473 -0.22999415303044798 0.1373910826160513
-0.21061118684053437 0.13832592196130233 -0.15721738677184335 0.004766067875198602 0.10350277665617921 -0.031565993747644135 0.06272087852719828 0.2146606415044832
0.20479751336336324 -0.04696979611006685 0.006328686414565809 -0.08193801022217162 -0.13695660305369456 -0.04894628809040898 -0.03545714786954785 -0.09100602351916343
-0.0801806600367893 -0.21337372656919998 -0.13472093154665435 0.07441063237707797 -0.13868234460446643 -0.2859410953062876 0.05470700164972763 0.10831161118005754
-0.11317762317761063 -0.1558939135844372 -0.23018863663907416 0.02560155089722732 0.05164499906104241 -0.012793435750171795 0.06284976794680108 -0.04958673915077919
0.10181218002925002 0.09923850376454549 -0.14528168675093703 -0.02481692876161216 0.08969015746321872 0.10813709800231099 0.02704262491270012 0.08944107367357772
-0.22628881938822912 -0.1191856956249318 0.1736186929691289 0.009787481910682674 0.11939576032625285 -0.15417091924252255 -0.0338584203934298 -0.18539933462434213
-0.15244240321371458 -0.016422574328107793 -0.13941383442961183 0.10183135538154722 0.0405077138295318 0.1821447953570228 -0.15143102645840503 -0.03764450607081577
-0.0839529034291159 0.0002585599939707613 -0.2363289711966348 -0.01436522185437641 -0.11940871504915379 -0.22589399616474515 0.08029261877558176 -0.15195079731311678
M block_1_w_o 16 16
0.13440100932902527 0.025934681080504795 0.1708437412766682 0.12483234899954652 -0.029539422279289986 0.1355873050517033 -0.2541653033110475 0.1288105647996476 -0.1387864098689446 0.11379836742113776 -0.2286304491568092 0.22919728503353481 -0.09085031244592491 -0.19312518743889892 0.16809382404245718 0.16614462518354156
-0.09422808004987258 0.15886569063153805 0.28013840431009973 0.08202366631516611 0.05011114773450324 0.16815501099545088 0.06790821254920627 0.03820859788094225 0.020037975761400265 -0.05398300620339591 0.09537990607044157 -0.24075462253992838 -0.14805594186795676 -0.15979028446302249 -0.13030557903140633 0.027345082543495214
0.16994680699521214 0.260467837103592 0.18190336947471847 0.022545205476770504 0.12967533666670308 -0.24092612225604018 0.001557610557826817 0.24441495637120944 -0.19462588838354172 0.11666884114500733 0.3318244977523564 0.04951507369302015 0.2445893784352794 0.23445950550122382 0.19248449144595242 -0.1574500792689409
-0.219594403341706 0.06852560648732012 0.020562871652064916 0.24048788128989565 -0.19611257320877043 -0.1786403100654123 -0.08944729398120455 -0.003792485616757958 -0.08414889319509444 -0.0884889502859602 0.05530749793288721 0.1860014323071378 0.07531859133581757 -0.054183266936680324 0.15608315157740366 -0.19677961542739744
-0.2232776483429323 0.13781329461398062 0.04701799675149621 0.11983992517001547 0.1637184711691347 -0.16770514704557155 0.1706230254437012 0.16421754259884105 0.049135915785297336 0.02690148111927933 -0.1224109001985375 -0.08025530747404215 0.03663199451808212 -0.18080227288948247 0.30103719876890705 0.17743824939879543
-0.260010197711245 -0.23018559824480267 0.17939417062077861 0.03632846057639093 -0.060838516388895814 0.22869705045625582 -0.07031940277077975 -0.1367227513732107 -0.024917390499869872 0.15103910027779863 0.10384974365666019 -0.2755870587963175 -0.022687952459528142 -0.13596899298011528 0.17768242784030905 -0.007043691239448318
0.051237308990359304 0.06363165604872228 -0.16290661211907817 0.26481649935606083 -0.07029037890005982 0.034888703290887675 -0.001238510648032748 -0.14680791332180806 0.018724584145242473 -0.1521667071918889 0.21703173677433438 0.19966529770068936 0.08825221876613977 -0.12203978979588924 -0.14802369591045952 0.22866473813964514
-0.12209421613449441 -0.0001929937160257498 -0.1576043122869059 -0.17329276599384566 0.04913118366441531 0.19459904834363934 0.008762190806431173 0.028638531654492153 -0.07342010479355231 -0.06700329106154165 0.03997490859054463 -0.06485619420694319 0.0976484150037238 0.08457175620746084 0.2964860747687997 0.059754061175543424
-0.09381735724645777 0.045359015273557526 -0.07423221099750925 -0.2694774463547021 -0.029041441908404995 0.24075796696071805 -0.19324647584468474 -0.2717406945388609 -0.08041275449595972 0.06722843294000107 0.18775046529902362 0.09166200338966367 0.23627535165589092 0.1749171432784443 -0.08640542218337775 0.016226828143588612
0.2641886232676144 -0.17804952621003378 0.08524016422567139 0.20850796135424496 0.21024236761677248 0.12730517787701365 0.16331030927083942 -0.027198579763783662 -0.04426814668957238 0.1749134473605548 -0.19559595205486402 0.08315899715777884 -0.0648267803514397 0.20482018023897536 0.051653012692112095 -0.12456941313818072
-0.1251599372251801 -0.14943318827901234 -0.25503482427450763 -0.27602467719256085 0.03381397855846223 -0.2605984673189636 0.20694846122752394 -0.16682376318477118 0.04200077353864784 -0.08028134670962316 -0.19242512373371037 0.23962387305049773 0.17360435167933816 -0.16378083236037724 0.05293293647649064 -0.10704485372103058
-0.019756881746459835 0.058095846503988274 0.1099163743337352 0.24525367227007855 -0.14387258825258184 0.19471577237671536 0.14566230615823753 -0.08009667186553412 0.15003690444649434 -0.0210044562226338 -0.02366371971220009 -0.23849584249775005 -0.1654743806948005 0.09862259266021813 -0.16271747568963202 0.2032919681641095
0.1916764016390711 -0.09165101340105893 -0.1440122601899329 -0.31071165749647034 -0.13996636182493363 0.050899728291163154 -0.21310684296604931 -0.22717155695102312 -0.046586756737157176 0.15003219070338164 -0.01281327269347662 0.0993295308881133 0.06357309969436824 0.04353026338660355 -0.1517488544789986 -0.18092227534687466
0.30905900202476394 -0.19159230576014277 -0.2036303231508663 -0.11508410856612142 0.1418775723862918 -0.15274688552279073 0.14590261772358554 -0.00606816947748434 -0.14674790837117874 0.12683854078946843 0.18507274811402247 0.13254559469825924 -0.18622962476465213 0.05638124082128695 0.265209563088951 -0.04118782390735168
-0.15874433561508391 0.2271233464861575 -0.1669023489603042 0.06577265817949511 0.2201020034606456 0.25341259660764465 -0.006288239631519767 -0.03353975610886364 -0.23260157509678384 0.1778301685188198 0.21901948417486405 0.1736341250275794 0.010795202867376352 -0.17606092645758006 -0.14916262396331095 0.07292720264416737
0.18923125491789827 0.054671294000137455 -0.03023998831031275 -0.1278931452346551 -0.1977656655662587 -0.250225555716323 0.2069131801701524 -0.022398739535419727 0.10899117059231633 0.09812343954276156 -0.12815830793174537 0.025779981866303855 0.14737081629225424 -0.14832755881467913 -0.08002666969394087 0.03887554918799015
M block_1_w_ff1 16 32
-0.1929111144202198 0.1250000415093696 -0.20867952097258005 0.1269967792556947 -0.2036465012306238 0.08225099569653033 -0.1419471402154289 -0.061103518036570895 0.08468805969371744 0.20550659291295573 -0.09158218937345637 -0.19231893855605622 0.023485445621422085 -0.21219403396742484 -0.04276575045937306 0.23830104771414012 0.2668508432360342 -0.29370458227570045 0.2085615126813218 0.10516924524867549 -0.28791875039245096 0.060462992576760154 0.33268051407015165 0.15385291129629547 -0.241437034070449 0.011608469543164449 0.021825495372458696 -0.17305687620819693 -0.01542105701010299 -0.29100102803589395 -0.05913518525971502 -0.05022038622466117
0.10433262983389215 0.07031639263322166 -0.03511232706618562 0.030678828926228096 -0.07046185989277523 -0.20239997274166804 0.05935945432768528 -0.08626914366477886 -0.09147453028827936 0.04522339306790227 -0.2838046279228662 0.057536964707598594 0.04074410131879139 -0.02247632251368787 0.03692086228891817 -0.2849092360720745 -0.08995524546810554 0.27195480431583935 0.1732184359854219 -0.18176375552994278 0.09391068317116626 -0.1191114331444097 0.0661021128224921 0.12700371421396534 -0.21534245095558233 -0.1759604153106258 -0.26960268321256664 0.32237122660131684 -0.05556328522766226 -0.07707515183839538 -0.13190312443148808 0.06809629325292514
0.08432074020739487 -0.13103123085232166 0.21406754675724432 -0.0824882704023065 0.03355590006892932 -0.2015300441937754 -0.038214278185194565 -0.1279629659680778 -0.18405645007374946 -0.2813118605156538 -0.08268895451499991 -0.1434872372525274 0.3134068718226658 0.14729945565453245 -0.002394318065905481 0.06692090133993103 -0.025689952783589928 0.07023468987947214 -0.1384745735313293 0.1351665213635232 0.058495194889237 -0.2631623033597148 -0.22509351531358374 -0.2524809150311532 0.02328914693441365 0.011848992708049852 -0.11287154916871597 -0.12507126964526327 0.18249504202833555 0.03871247864670947 -0.13149098295386716 -0.04026107544830127
0.2384904207717447 0.14206467282640875 -0.017594176035565012 -0.11923109442561672 0.13614027295576842 -0.2310581364577644 0.11298644408465953 -0.26592009165687397 -0.26392366038730286 -0.09573641657163075 -0.05452323041145516 -0.031207982060451667 -0.22863904059182572 0.07292188865477392 -0.18660557743009865 0.2887510512238995 0.18784236666382412 0.06263407350910613 0.21489419521714595 0.0619229173960867 0.2591171793366307 -0.016909754723351045 0.22882281183992048 0.23450104010879394 0.12499101771620158 0.04922734486393151 -0.09366834176860847 0.010162143235482746 0.24881596112262977 -0.08675069972772337 0.04915164179021733 0.05154917397875495
0.1423903793530429 -0.13367809298844288 -0.2486064995423058 0.16390760436908536 -0.1993974781558085 -0.21799486054259 -0.21512194559583084 0.10521825119344672 0.1771241034258513 -0.012157753398385884 -0.13940727005017917 0.19191385844178058 -0.09259007371532131 0.02441987327867584 0.2674762739394661 -0.010436520519018937 -0.18019008219486476 0.06304955174044045 0.07129792269318443 0.013572533663879394 -0.00553479515851391 -0.12162456410758253 -0.12099619936950551 -0.26770392616633926 0.2622073796822918 -0.07466029012442918 3.945767640705462e-05 -0.0255690288004547 -0.0677291922577265 0.19392280425449906 -0.04063279558451415 0.08572116122086014
-0.23146844368535452 0.08322853077259916 0.004704933578561407 0.23486880489057285 -0.05348701630928523 0.029589865522407534 0.08713096868310731 0.1420098459934237 -0.2817934309172537 0.024478542730027683 -0.17751219113497202 -0.09908267393051606 -0.13757417932198038 0.16971288067087684 0.1426998626335561 0.2222202646203991 -0.08842302390374733 0.09098880345533947 -0.10885380888442987 -0.14392049509097668 -0.07782503094577958 -0.1894753731937856 -0.254943033802407 0.03336613709158665 0.2281411901899472 -0.07333244970648845 -0.03728951730575575 0.055570423022128265 -0.032903571548136945 0.20309713689298128 0.2448114926992271 0.1405822361613356
-0.19526917940189512 0.0950100972076391 0.1404212095682974 -0.10659642236483444 0.2649177085688239 -0.1825657913106419 0.0900249654230897 -0.07180401774374369 -0.050697674000034165 -0.07425635932747086 -0.05734324336694593 -0.21818091463718398 -0.007938314004786387 0.148335512462903 0.2288414224681443 0.03657786790317497 -0.1393082317789502 0.17061757064704952 0.30577143592267714 0.049407582761757524 0.13693211528235436 0.3020756365622714 0.05982461144272068 0.1713874702923395 -0.05039367011173626 -0.1850005575899185 0.14695850860511497 -0.035659408198090874 0.0667191621566392 -0.07160457346997393 0.2805137026497049 0.14442621347618484
-0.08898491755978709 0.02547059298455065 -0.011497018732541792 -0.21572650116014008 -0.07556821767598261 0.10918280648934048 -0.06401655073219759 -0.2091779555092639 -0.06440532388832435 -0.1396967470156053 0.10337734513551523 -0.18032503699329544 0.13103399360727302 0.1933937606177631 -0.056244280440535505 0.12282777892266335 -0.24607380029605833 -0.12136422263959987 -0.25046933701860713 -0.05361989404101264 -0.09784898033826499 0.011046857082513802 0.13045007139716414 -0.12779943693108986 -0.013185033539084375 -0.08149848844187733 0.10515468206340249 -0.07997163539368726 -0.19101890063238378 0.19735907081639054 -0.11664692818929072 0.1575318118473665
-0.25906290962777195 0.14609446624162678 0.20397505310234013 0.007015522760336986 -0.12328119425408882 0.006191671659143928 -0.0022962404686586407 -0.09307630220996756 -0.16940737321957927 0.3035933995719825 -0.16944275751140653 0.17957981203036968 0.2696242323707957 0.26671996538693216 0.08888783467945748 -0.04900955965220202 0.19912854190866813 -0.06680269037806733 0.26464077303624395 -0.09573243881870487 0.07106171824692317 0.042826305739453056 0.18737981931724623 0.1019497262667684 0.08224388876361091 0.10337612190073524 0.0959635679849078 -0.13957805015512592 0.25472611244748766 0.07183638015557664 -0.1800786853445296 0.15656699144188932
-0.260669986197572 0.03359196143870286 -0.0946902375935827 -0.2664672398327081 -0.10089979527295447 -0.11269881146763021 -0.15186583768810238 0.21988694556138721 0.11195636604228901 0.12604584897488558 -0.15685422667604787 -0.2744888775256821 0.06314418837698069 0.04091653624057282 -0.12179223490258692 0.17190821218398175 0.06840211556068881 -0.020873904687145 -0.2040883046056935 0.04278914124224407 0.12078557230202817 0.0017830942049483721 0.08232717535801937 -0.1764932807734429 -0.07825875672996738 0.2148133956222107 0.05975470546109348 -0.22162444705631898 -0.21350249295792895 0.15580973794752714 0.032038373952164335 0.07111985860283226
0.01350376656733626 -0.0024015398023475043 -0.06105104246647415 -0.20455021158972586 0.18440242380723093 0.029226236257729885 0.14973195740283782 0.3074789788838046 0.000527697158741844 -0.19110512900911997 -0.060637121480297734 0.2997514127863477 -0.021883023095228316 -0.25560445631927986 -0.1498020989759475 0.12660389230781005 -0.18443830984168572 -0.03817647367098488 0.11384570222036307 -0.06552910955739322 0.1440946454964644 0.26059530836114597 -0.10406553556069302 0.038595337658480076 0.008192262639220797 0.18557807084992875 -0.2150544492018553 0.10028974320731453 0.21663425576214332 0.24597864239883357 -0.09705904583493416 -0.15543243132073614
0.06525531510766011 -0.2601279110137121 0.14872874641912542 -0.13974942041591146 0.13547237058860306 0.12986393268469387 0.04763705639711591 0.09582982828725463 -0.15923082485765971 0.11705350096742392 -0.06927962908950595 -0.194450753615438 -0.07551631803766758 -0.18979633045553174 0.13221368291460345 0.1113647456505085 -0.012820514862868225 0.09975206266287558 -0.0019103740370753823 -0.0638604202979366 -0.030119647875097598 -0.009843944740122009 -0.16113787102585247 0.25542843464431514 0.18722049950702066 -0.024628720380621912 -0.1504918658768685 0.20207752707136223 0.2048527998092326 -0.16212731977088635 -0.03199176022650058 -0.13769549004778378
0.2084274037483871 0.07895020107817796 -0.059529242849065425 -0.09925782867152644 0.03191513793620554 0.010672462543082895 -0.03611128454725027 -0.017142759192206723 0.1976286639804325 -0.009309969630926404 -0.18314872958002065 0.12809614409836537 -0.0023743396594966826 0.17280399954582937 0.11958998604552168 -0.04686310761759696 0.016852418884063476 -0.05947748199550458 0.2043118077330781 -0.17248412375529987 0.061700300812826514 -0.080313638184928 -0.2058850420439878 -0.008666732312493652 -0.04770489547690835 0.19920690617024378 0.21105106592381123 -0.12521344653210187 -0.030865222568609064 -0.1875995764955128 -0.11054038172189361 -0.046304145832925386
-0.1690988228803043 0.14872493656802588 -0.11178539588823046 0.187051437357392 0.16906494024684032 0.11435648276287227 -0.3212517659731591 0.12853242472701706 0.008365484640102483 -0.0036837195671894003 -0.04376961576891368 -0.1546719275492119 0.01930432913945896 0.31892034627213733 -0.11868559912110246 -0.19809157487876183 -0.23782324726846066 -0.3213005083913969 0.008206379856924313 0.23285734008315845 -0.04276398608966559 0.1300844832975632 0.24936861560929746 0.19795394754663087 0.25487376320679295 0.17137804066117085 0.23956173926639054 0.08562343689406501 0.0019873280482847226 -0.1119593951462344 0.03692664160686207 -0.17813061042947637
0.15540089044869543 -0.06564828191081436 0.07809204877554558 0.09372647170625689 0.13750559832708711 0.1691955002008603 -0.2158309031347076 -0.10569484856271479 -0.18476269749762692 0.2279579818944712 -0.008154732682002896 0.1668352433638297 -0.11861898598493113 0.1526615208843184 0.05351689289693601 -0.19949806099621614 -0.10353318152342857 0.15998323619350238 -0.12398747680319633 0.0783005260104291 0.06493735703671481 -0.20238523250277868 -0.08863022442347536 0.07026387845933788 0.17488549575502224 -0.14690665177268272 0.11460828630339702 -0.07145979952765905 -0.10241429862680786 -0.22589275782865353 -0.09186275093721175 -0.04446493482519806
-0.22969560434055908 0.01362321246819945 -0.005518722848540108 -0.030477972523572525 0.13868544885556655 -0.1515259368121095 0.06991971705500724 0.14138674653280572 -0.009784851938033731 0.1791277725616486 -0.1568347749218052 -0.11344587145174907 0.05624056721548216 0.16566200594363253 -0.18223818817553702 -0.013727449951327991 0.11321583054239034 0.18472820879241245 0.20654658436039688 -0.10933108962084352 -0.15756277689411566 0.10786791045438679 0.17060187951061542 -0.139772410115234 -0.17981045853600908 0.17758709350311372 0.22258321422883703 0.0968717987816649 0.09857259149911655 0.2276845115490704 0.12921624810220741 -0.2209590203142359
M block_1_w_ff2 32 16
0.1619003217616701 -0.039195939531511646 0.04594847663362893 -0.22206433196873568 -0.19201621441352312 -0.08679938255295337 -0.03443428382838541 0.15743365642308166 0.3514328280101161 0.14612713625034945 0.25022725522953304 -0.35039057342011193 -0.20179990185624355 0.1414468288753502 -0.22489999128010177 -0.07514292146541672
-0.0025557727800145985 -0.10074199852103753 0.015297504751511988 0.027424628537304586 -0.18085291234880946 0.06499626958228988 0.17025944535250392 -0.08214486645381848 -0.12348954686274219 0.0896812658906789 -0.060663937704057216 0.05125799175065014 -0.16266040567578172 0.2633174435526482 0.19210042759013563 -0.14194556150570542
0.07069074846408506 -0.08565779050486934 -0.09721682111935537 -0.14357375073106263 0.23137441055448604 -0.1950216158145854 -0.28114066533312826 0.04474696087659585 0.04483330649955674 -0.09884930505533292 -0.00021729712220287854 -0.16649909147615832 -0.04950169695081624 -0.28449995547405665 0.14753540173377894 -0.06490840270292293
-0.2412149117847229 -0.08612037940361404 0.12896860401359128 -0.007993737432924615 0.33816246803821826 0.13562392685553876 -0.03391522517326893 -0.09339711100476411 0.1592949339105729 -0.11612148071245772 -0.15844075677293323 -0.14670819270075816 0.14205857418214246 0.004705507733054009 0.007212948237451645 0.052320482818947744
-0.3014158746131716 0.05259562379605791 -0.18652154494643722 0.24563454930628392 -0.23648666187981687 0.18408790505075162 0.015191091865746097 -0.10963195733679777 0.10647976804507028 0.012241850347500553 0.19086951714468467 -0.2127122802882279 -0.07315684837454318 -0.06061781844634086 -0.11416853055403946 0.23484752973385067
-0.07869468103855048 -0.0129183620918558 -0.013147038914660465 0.03854466812182712 0.228375339766863 -0.19618607228301319 -0.2448229642091817 -0.031054388430306955 0.06767633432176988 0.15682541704401906 0.033299239071011844 0.19839361725586596 -0.23045284130586888 0.058019533923361837 0.13334048566481552 -0.10432412743906364
-0.29987681683154144 -0.10116636635391114 -0.0038365713432202443 -0.05002352183635155 -0.13455584620990813 -0.01814204084026767 0.12185000356042754 0.16117303670042932 0.11269775772856504 -0.28907704416702024 0.29716723498281605 -0.08536202029968064 0.10284078592920425 -0.07634847105696328 -0.01932126445877188 0.015523561216234156
-0.11049613622733984 0.11112598090491928 -0.036869789679552734 -0.031028089553789554 0.08128111509256168 -0.2897264034871906 -0.13698848141540582 0.2028910813758978 0.1316936727473451 0.07523275683559356 0.16153115931136036 0.15977521790662969 -0.14664162591881952 -0.14028178964403487 0.09415907259352127 0.25933333729872415
-0.18756410573955898 0.12506776325791272 0.08129794602452418 -0.28882568750766446 0.20529219746832697 -0.027905158153807768 -0.16490323211518396 0.17235557153615563 -0.014013814062715471 0.22862066389502814 0.2553472170639131 0.11916812906988734 0.0858753871368601 0.03503389379060749 0.15994680149542076 0.1075011073999145
-0.061838211312880004 -0.22365882575969992 0.07405800571709203 -0.17001384381882548 0.14414970195328103 -0.11834224608599996 0.1645242092129869 0.054618030508119995 -0.09286847960546181 0.21605271063523585 -0.13546653088820204 -0.08612277143851568 -0.05368736455839574 -0.18131392741227265 0.06175613875819468 -0.21457574073827299
-0.02490400106850583 0.19228013116487985 0.33437029056506223 -0.13698059374657115 0.09767925715266393 0.07581206224968405 -0.08060380988318885 -0.14329128118024648 0.3135890558354911 -0.0762312102122532 -0.1167271198536606 -0.003853914237103 -0.05911486809810601 -0.11318570225423805 0.05147040404406594 0.19495056564933902
-0.2748208935153804 -0.20733758383668624 0.26842945595660345 0.023291022633454915 0.018249371090310416 -0.20776157639167925 -0.177439399339919 0.12999023419688865 0.2731752190740929 0.054336967630716354 0.16070070705439254 0.17807587567897565 0.07002609972149673 0.10835562803385047 0.00056805340739105 -0.013320668914006843
-0.031487957756213915 -0.03837284519572756 -0.24340519590777623 -0.22317309658258327 0.04810434173016409 0.09552544193689716 -0.04208805004529635 0.2555847193646895 0.016574515218168034 -0.05176464545518262 -0.23158218431397506 -0.1750863813893149 -0.1390615510430594 0.1928643734081628 0.010528362796118554 -0.03258239188057586
0.2085373515470126 -0.05921637089664085 -0.3141584240922251 0.05422006526243863 -0.21220034524916 0.028303936866959957 -0.08464842492714922 -0.1555264202956779 -0.19028515913054359 -0.07838374069619052 -0.08900959051873479 -0.0717027128310031 -0.18366881203497032 0.1506824001819178 0.22426211438822077 -0.27300735008046767
-0.23118077329349868 -0.09113792793196566 -0.19678706988808153 0.12514254582839446 0.2407435997790989 -0.09161713549666034 0.08637541059597001 0.19903337492772014 -0.06567544815609574 0.018278979446567523 0.2512225495204286 0.2056282941928704 0.17861532334288738 -0.2154791370214163 -0.2129763967604639 0.09157439536092646
-0.16112030734613084 -0.16495720053089735 0.08503876267557214 -0.0632214474155699 -0.19651200712580935 0.20034971440968938 0.054756404773147825 0.11307051470727163 0.02027558475875542 -0.10350862127295324 -0.06482884900643139 -0.008517084657107526 0.0022141417036837556 -0.23799101592339067 0.22293427336347021 0.1805909662169956
0.04821470918762908 -0.29075780906355747 -0.23367414422909735 -0.0017957431966324814 -0.05756020896232189 0.033824559753360114 0.25714703121566446 -0.22994343897237252 0.17497187541089765 0.021974388697663133 -0.01685458427090072 -0.13354328605286686 -0.3185868919984272 -0.16658558815762287 -0.15727742122672922 -0.044047859917246635
-0.15690456039686895 0.29139756042121073 0.052926148722927585 0.11025771487253169 -0.19929028384604638 0.06051908716733349 -0.10112289804289713 0.20707461086570114 0.19967167322531992 -0.04527683764649376 0.04514230805613958 -0.14062511560514868 -0.07518759281441054 -0.2643288145381633 0.09406043116071498 0.1338798858374732
0.05836139472887777 -0.1725061124362805 -0.1260324016870529 -0.15569107242628158 0.016965034899281674 -0.22049242248133502 0.09860950812257584 -0.030427754868315515 -0.19964361501657651 -0.2913263577991585 0.05478857346539805 -0.30937261493727747 -0.15387618142394835 -0.13771923955572235 0.08132264522916711 0.3199799379246642
-0.2182571237313644 0.2839884613006834 0.02707538917140369 0.18610932347050962 -0.07330647528830714 -0.035800286600184916 0.18291891804610427 -0.06420412501075416 0.08337307253484408 0.20064961198348683 -0.11906673124478212 -0.15938922106325867 0.06867787109948978 -0.11445214367304328 0.09670666657755321 -0.15682681039017635
-0.25178057813282245 0.013849875020074573 -0.09567123648535454 -0.3078962900579597 -0.04971693816635156 -0.22157470767044812 -0.3312819301263598 0.30650043289323325 0.23248092943672888 -0.2100408081009072 0.22005419704998266 -0.1160806033674979 -0.23490429901331158 -0.20557818688175997 -0.2654647197529783 0.3515348780118305
-0.18816580983857165 -0.18573412150569618 0.04148934331177678 0.13814722219148445 -0.10500964992069997 0.10814309751318797 -0.13889322767991447 -0.11964335116576093 -0.12039563644835731 -0.2809525415877259 0.08899947173935888 -0.003906666280551837 -0.2321084940128684 0.03124663867097422 -0.25748232483994093 0.15579907455818007
-0.04195089878423003 -0.026416429107932505 -0.24118630296058924 -0.027716535632674226 -0.012078475484002753 -0.11378260785962928 0.28891463258966915 0.10534829745472558 0.0950317401188554 0.09427118749667042 0.09892037497798108 0.16820168421512602 0.13975430982529893 -0.1926971378760396 -0.04420381510691723 -0.25585676029511645
0.19162635095136837 0.2068269097645371 0.27182163132048903 0.20598283468591555 -0.055074290681418635 -0.07977873910310102 -0.025746668509259895 0.1428945977454784 -0.07747353118371884 -0.08596150094629072 0.04132192177319953 0.11673659523166624 -0.11594289142846928 -0.20304379200819245 0.01623028812834882 0.18858936967826184
0.18237688598852542 0.2605861194033978 0.04829102342562369 0.263526423220013 0.10428904202639423 0.1666660410410782 -0.22857907240517947 0.16297844805139614 -0.007869909473961774 -0.030788347671681007 0.00737710870396167 0.21183342434579328 0.1286780280478329 0.12737091706737252 0.12087514143292022 -0.12217245707488505
0.17720091701277826 0.16891052776912316 0.012797325633838078 -0.08205643639798373 0.0953105670002605 0.03703465379548311 -0.150970909393961 -0.2027281107680644 0.007906039539412846 -0.014585280054796385 -0.02952834239729717 -0.12888120665714436 -0.021659296890023133 0.23334697998888881 -0.027908680300661595 0.10013227191642392
0.08493296165834045 -0.0644287632006251 0.007818162071277644 0.16687253141855643 0.25621841759868597 -0.13519375386609556 -0.22676318587109365 -0.25637370063657 -0.030002659717069665 -0.07909455959345457 -0.08397271923017904 -0.13990567182169505 -0.23752517431703024 0.004080078833787559 0.13326983031489323 0.08566358020739283
-0.03913873642815233 0.21551199328417486 0.24933796367138178 -0.17968526265437537 0.18589403931376122 -0.03146352122274931 -0.15594397127384066 -0.1574818770402864 0.1891593057930385 -0.01142665531275442 0.1737667752367645 -0.27650848545560763 0.11538222774374343 -0.16210452653128973 0.03082424755703715 0.2896681455181561
-0.004094066244252762 -0.09081078733474998 -0.07540469141099963 -0.02203705716152577 0.03585614562808027 0.09614377215616676 0.10704582545211615 -0.06390781602468287 0.23131403327204383 0.025978205210830316 0.199633461922394 -0.09871663621599325 -0.1521088625298716 -0.16022311222378466 -0.26666757072514163 0.27431357044894505
-0.07848667719732715 -0.053257740433105986 0.2432531865012694 -0.10300030284264497 0.12450801600286492 -0.1816949058847752 -0.06538932092422003 -0.12744679220913788 0.1882289194855324 -0.20814877368165938 0.011000993395561244 -0.2118653578051885 0.038651075690310344 -0.20058577405257375 0.17686162538299288 0.0906294422043921
-0.09910305575984363 -0.07779791990247586 0.0889001243347463 0.21596195364358767 -0.08492096054498235 0.2070626091354375 0.16271017245208833 0.17845127275667413 0.013402240660991164 -0.13293819454784508 0.1721641780524701 -0.07998094123846249 -0.18481357057584893 -0.01577845301942741 0.1464158266881698 0.159641128881472
-0.2192899153716412 -0.20876541269334184 0.20569828146069002 0.031032041661718267 -0.017275346765443574 0.04470253377251035 -0.08091732486264738 0.06384412466105413 0.011976874858424101 -0.28698317527682593 0.1359367330129184 -0.10432710453177584 0.09019353688381006 0.14414456332468617 0.07906117335648762 0.1863824686350729
V norm_final_gamma 16
1.138172150637523 1.098094643476277 1.0120953713849001 1.1017248284756676 1.135733194480238 1.0538813164678615 1.074867233529364 1.015354500738476 1.0867001639874065 1.084136453500838 1.1354741162056015 1.1080162253394257 1.1341461772574823 1.1525451335095764 1.0521133884997609 1.1254399472891476
V block_0_norm1_gamma 16
0.9735435014109536 1.0739147889234555 0.9580779013092431 1.0046757273949498 1.0393711631697264 0.974121072011816 0.9999013107123641 0.9779885993095362 0.9279248356165883 1.0234818483980077 1.025812212559603 0.9238392003194755 0.9564704341707503 0.947227889910159 0.9920806017320232 1.0463758200823317
V block_0_norm2_gamma 16
1.013177891218152 1.0233604664799394 0.9426929748333317 0.9712387907147303 0.9616887811088447 0.9659832690814265 0.9983548743663806 1.0279020191694486 0.9597069545439996 1.0667267782196264 1.0320651822650917 0.9142741982185335 1.0346710120142761 1.0141329369890142 0.9808369727208556 1.1217693120451981
V block_1_norm1_gamma 16
0.9414720034613506 1.0231693287564019 1.045833804640192 0.9513822176571793 0.9877743602840531 1.0811634225216635 0.9542924036409524 0.9872363326595148 0.9802212128114137 0.959834857616395 1.0637435736728424 1.0529549359716341 0.9629710570371843 0.9552531408826576 0.9737168765336204 1.0370740814993555
V block_1_norm2_gamma 16
1.0778082895774648 1.0618279258763617 1.0722871885358878 1.0269377565798319 0.9566172828463452 1.090304694012644 0.9527233312773153 1.0078949110183215 1.0296597972460033 0.955558300316289 1.0299581642296394 1.0260387019506507 0.9617886195454042 1.0688671209564475 0.9514297571759383 0.9858289800388689
END
