0 1 2 3 4 5 6 7 8 9 10 11 12 7 13 14 15 16 17 7 18 19 20 21 22 23 24 7 13 25 26 3 27 28 29 30 31 28 24 20 32 33 16 7 13 34 35 36 37 38
40 41 42 43 44 42 45 24 46 47 48 21 42 49 50 42 18 51 52 53 54 3 55 56 7 50 57 58 53 59 36 60 61 29 21 22 62
53 63 36 38 64 3 65 33 66 67 7 61 68 69 70 24 71 72 68 73 74 75 7 61 53 76 77 78 79 61 80 81 7 50
64 24 53 82 83 3 7 50 68 84 5 72 68 85 3 75 7 60 61 68 69 81 7 50 72 86 21 87 88 3 89 53 76 90 91 92 44 24 66 67 79 61
68 82 81 7 50 3 66 86 21 88 24 93 68 73 74 75 7 61 68 94 3 95 96 72 7 50 21 87 97 53 24 64 84 98 44 7 50 68 99 67 65 72 100 57 73 101 102 68 84 62 24 5 24 68 103 104 96 6 7 50
53 24 105 84 106 17 107 108 44 7 109 110 68 54 3 111 112 24 113 17 107 114 24 115 53 21 22 116 6 36 117 118 29 85 3 119 86 120 121 15 29 122 67 123 114
53 124 77 2 125 114 87 105 63 20 85 3 119 42 126 67 28 115
100 127 128 129 92 75 130 131 53 76 29 132 74 133 3 134 17 36 135 29 136 7 114 137 3 33
105 14 62 24 138 20 132 74 78 53 21 139 140 20 69 141 36 118 24 34 142 143 20 144 3 145 57 6 7 114 141 7 146 6 7 118
147 7 118 80 148 17 42 8 149 150 7 114 24 115 151 152 7 153 53 24 105 84 154 68 14 7 153 155 24 156 42 157 86 21 142 158
159 160 68 161 68 84 5 24 162 3 107 163 164 84 44 7 165
128 12 166 167 159 63 20 168 102 24 169 170 68 84 171
172 166 159 72 173 108 128 174 105 76
175 176 105 72 108 128 74 177 12 128 177 90 128 16 24 178 179 180 181 159 76
53 14 176 67 180 29 132 29 182 29 21 183 24 184 3 36 135 29 185 186 5 20 21 187 7 158 29 85 3 119 28 188
105 175 176 77 132 74 134 17 12 12 124 2 150 7 114 12 133 77 189 12 135 53 76
105 190 24 168 33 20 191 33 24 192 33 20 193 33 87
68 82 194 3 7 109 110 24 195 196 107 108 68 144 3 111 197 178 68 198 42 49 199 17 42 200 24 42 201 68 202 107 115 24 203 204 68 84 188 24 116 6 107 205
159 24 160 26 3 89 107 199 68 206 102 24 207 102 42 208 86 21 42 209 210 86 21 211 72 68 54 86 68 212 213 214 215 216 24 213 217 215 218
40 41 42 43 48 21 42 18 19 52 219 20 193 3 92 3 7 220 3 221 222 17 28 223 24 224 152 225 226 58 219 227 7 220 17 28 223 24 224 228 15 229
230 68 84 231 232 219 233 42 18 19 106 17 42 234 44 7 235 6 7 220 20 236 44 237 24 162 238 28 219 63 170 20 73 55 87 72 7 18 19 76 100 20 21 239 240 24 21 74 44 7 241 3 55
242 223 185 180 21 243 152 24 244 219 245 246 3 4 247 24 23 3 28 2 248 24 249 178 12 124 250 4 188
15 219 190 141 7 19 24 76 124 90 55 178 7 18 19 251 24 190 194 20 252 3 134 7 234 24 120 253 219 2 42 254 255
219 24 7 18 19 256 178 257 44 7 258 68 250 259 142 177 260 4 247 23 24 249 261 262 17 42 263 24 213 215 264 219 24 7 18 19 265 266 267
57 268 42 269 52 53 270 196 29 14 188 271 7 272 21 273 53 85 3 274 36 58 15 29 132 42 49 275 29 276 36 277 36 194 24 36 278 86 14 279 24 280
53 82 281 3 55 29 185 36 38 42 9 52 282 282 21 283 284 44 7 268 272 68 250 14 22 188 68 144 3 55 178 24 2 285 150 58
141 7 258 6 7 58 53 24 282 84 286 68 34 256 150 58 24 34 287 6 285 68 76 288 3 289 290 24 82 3 107 291 292 243 3 293 68 250 132 294 279 275 53 295 213 296 297 4 294 188 268
105 24 53 84 298 164 54 3 299 300 68 34 42 49 301 6 302 303 24 304 57 58 68 35 42 305 306 307 44 7 165 86 21 308 307 72 20 21 74 309 105 24 53 85 3 119 86 123 310
68 311 7 307 3 107 110 24 202 86 152 7 153 68 312 107 301 6 302 303 24 304 68 313 3 314 24 315 24 316 152 7 307 68 198 317 318 24 319 68 320 7 307 69 22 140
72 68 84 321 68 132 74 89 213 68 283 198 42 49 322 68 323 304 152 7 153 24 7 324 68 98 303 152 7 325 24 7 326 68 327 302 152 7 328 24 7 329 68 132 74 101 223 330 309
223 185 7 322 44 7 165 20 185 7 304 7 303 24 7 302 20 21 138 20 331 7 332 3 107 110 20 185 7 307 20 185 7 153 7 324 7 325 7 326 7 328 24 7 329 20 21 22 138
20 76 105 24 53 180 132 12 333 12 334 79 307 24 79 110 12 128 22 335 12 2 3 336 196 337 24 12 2 3 338 176
105 24 53 84 5 68 132 74 184 3 119 223 138 68 339 85 3 299 7 307 68 76 176 223 90 189 12 90 340 336 196 341 1 4 342
223 343 20 21 344 138 72 20 283 193 102 20 76 77 189 12 87 72 12 2 3 4 345 12 346 347 79 300 348 349 24 12 346 119 42 322 350 225 12 2 3 351 3 4 123 352 24 353
105 24 53 354 68 168 223 24 76 90 340 223 90 340 68 311 42 355 42 356 24 42 357 68 313 3 336 196 107 322 68 358 223 297 359 102 68 212 107 260 68 297 74 299 308 307 360
40 41 42 43 48 21 42 361 29 21 42 49 24 362 361 164 363 364 36 365 57 58 29 85 3 366 42 140 24 367 368 15 29 369 196 36 49 370 17 45 371 29 85 3 372 373 24 15 29 374 44 7 375 67 42 376 367 43
261 29 34 377 378 24 379 96 6 7 370 7 361 233 213 7 371 34 323 96 6 7 375 24 150 364 7 153 29 14 380 213 29 34 198 381 42 322 15 29 382 383 42 357 24 384 3 336 86 196
7 361 104 15 385 386 387 196 7 322 213 29 144 3 366 294 388 44 7 370 29 202 42 389 6 390 44 7 371 3 119 86 140 24 391 29 373 360 24 14 150 7 392 393 394
7 361 21 15 188 213 29 34 395 396 3 336 196 7 322 29 34 198 24 397 42 140 388 29 398 399 24 400 401 196 44 42 49 402 403 7 361 82 194 3 404 36 365 24 405 36 406 407
105 24 282 84 106 44 7 408 17 107 223 68 54 3 409 410 24 411 152 7 412 68 283 54 3 413 3 7 414 213 198 415 44 7 416
417 223 42 60 418 105 76 419 3 42 420
179 42 310 418 105 333 12 421 180 86 215 99 223 63
42 420 223 77 212 86 44 422 105 76 423
22 280 105 24 333 12 421 180 213 424 418 215 282 223 63 419 3 42 425
42 425 223 77 212 86 44 422 87 282 76
426 12 128 250 22 427 333 12 133 3 351 294 418 428 223 63
429 223 429 105 24 282 76
430 89 213 431 418 364 48 179 42 431 432 86 433 42 22 8 434 124 12 246 3 434 350 86 223 63
105 24 282 94 3 434 72 68 339 198 435 436 68 437 24 223 437 87
438 215 439 223 186 333 12 333 86 105 63
86 440 441 105 442 261 12 128 443 12 124 434 444 72 12 421 180 12 1 445 3 434 3 2 285 12 124 446 447 448 447 449 447 119 450 451 12 350 223 76
77 350 3 446 223 124 90 446 42 452 282 63
453 282 180 452 333 12 133 3 446 223 63
186 454 455 455 18 456 282 457
430 245 446 86 178 223 76
68 458 7 452 24 69 141 7 459 7 272 21 273 24 7 460 84 461 24 462
213 21 42 140 452 223 72 175 228 463 464 124 90 465 105 63
466 87 223 124 90 465 282 63
6 467 79 468 245 92 3 7 469 24 465 12 34 42 470 58 223 76
68 471 3 7 469 24 223 472 102 44 107 473 20 207 102 289 42 474 24 42 475
293 476 79 477 10 478 12 196 261 90 95 309 223 76
105 24 282 479 107 480 24 80 481 68 482 6 414 24 483 24 415 68 84 188
40 41 42 43 48 21 42 49 484 7 484 21 22 362 24 485 86 21 7 37 484 44 7 486 487 54 7 484 24 85 3 488 86 68 295 86 297 65 102 333 107 205
57 58 42 489 85 3 490 7 484 29 21 74 42 280 489 29 85 3 89 170 7 484 21 376 362 29 136 24 136 152 7 484 29 85 3 89 170 86 297 491
7 484 132 74 491 271 86 21 362 72 7 489 132 74 492 29 136 493 24 493 141 494 7 484 495 7 489 21 74 188 7 486 21 62 68 59 107 37 484
40 41 42 43 48 21 42 18 19 52 105 20 496 44 42 497 352 199 17 28 223 224 24 28 9 282 105 193 3 55 17 282 44 7 498 68 297 411 499 24 2 287 6 285 178
57 58 500 223 76 105 77 2 42 226 208 67 12 24 282 20 207 105 42 49 501 502 24 282 42 503 504 105 21 22 188 24 76 505 12 223 72 403 20 34 142 143 20 85 3 506 7 502 24 7 504 67 507
105 202 7 502 24 7 504 44 42 508 47 509 28 324 20 510 454 102 67 42 511 512 261 20 513 7 514 20 35 213 7 502 21 150 174 24 7 504 21 515 7 514 84 516 105 21 62 72 20 212 213 517 444 3 397 514 261 68 128 518 24 336
40 41 42 43 44 42 497 199 48 496 42 18 51 52 519 519 21 142 520 51 164 193 3 351 521 300 57 58 29 35 42 49 522 454 523 29 524 7 522 24 212 213 523 73 4 140 447 93
57 58 519 525 42 526 527 52 528 528 21 59 24 529 65 519 85 3 530 528 213 29 21 42 280 38 15 29 531 196 532 533 234 42 534 61 72 230 29 21 106 17 7 61 29 535 253 86 536 7 61 495 81 537 519 14 62 24 76 176 3 528
528 190 24 244 519 213 86 21 166 20 76 213 487 538 539 7 177 540 215 3 338 176 24 351 386 102 519 212 213 139 42 280 38 541 542 289 290 24 139 23 24 386 213 58 152 519 24 528 265 7 37 6 267
40 41 42 43 44 42 49 543 48 21 42 544 545 546 225 546 34 42 367 547 24 295 548 300 29 496 44 42 117 549 24 550 150 7 551 44 7 543
57 58 42 18 418 26 3 7 544 546 7 418 21 62 271 36 552 21 174 7 544 546 85 3 65 553 7 552 68 554 178 3 555 7 552 556 557 24 558
72 230 68 84 559 7 552 42 49 560 26 7 560 561 7 552 394 24 7 544 562 367 547 104 98 44 7 549 7 18 418 21 62 24 7 544 546 21 98 68 73 74 553 7 552 24 7 544 562 547 171 7 543 21 74 188 213 58
40 41 42 43 48 21 42 18 19 52 563 563 21 22 564 20 565 550 28 223 24 224 57 58 563 185 28 223 566 3 567 42 326 17 42 174 568 563 85 3 65 28 223
563 63 28 223 124 77 65 12 28 223 76 429 563 90 445 42 521 568 67 7 326 124 12 569 224 170 29 433 57 563 82 3 28 224 24 63 224 333 90 2 42 521 568 67 7 326 28 224 69 141 563 24 76 77 570 74 453 245 417 178
563 24 28 224 69 67 42 521 568 68 35 57 72 86 21 22 70 196 571 224 94 3 572 86 72 29 573 563 34 142 143 20 76 224 245 488 42 574 3 575 152 28 224 576 29 76 100 563 213 215 74 16 245 569 223 67 65 15 68 63 223 67 65 24
20 35 42 16 577 3 95 7 568 68 578 7 326 178 24 563 14 188 213 20 73 65 28 223 24 224
579 21 22 229 20 21 243 3 7 580 3 581 20 193 582 24 20 34 156 7 580 21 22 583
261 20 584 579 573 585 28 480 48 21 15 586 3 581 587 49 588 497 588 24 120 42 589 579 21 44 590 20 591 7 592 58 582 17 593 594 24 131 595
141 7 258 6 7 58 579 21 596 72 22 188 20 34 597 28 22 131 598 599 43 20 69 141 86 20 21 369 17 600 7 580 21 464 601 6 602 603 213 20 34 604
579 573 605 3 92 194 24 581 360 20 295 213 289 43 20 606 7 580 297 4 120 123 583
40 41 42 43 48 21 42 607 489 52 53 29 34 42 49 199 56 42 608 53 54 3 609 36 548 108 81 610 611
57 46 58 53 82 281 3 55 17 36 108 29 311 102 150 96 6 107 611 24 612 102 152 7 613 29 34 285 106 17 36 115 203 24 614
261 86 21 43 3 92 309 53 615 36 108 194 81 107 611 29 21 188 3 616 44 36 49 199 56 7 608 24 599 58 29 256 17 36 108 24 615 102 360 24 360
40 41 42 43 48 21 42 18 19 99 617 20 21 15 229 3 92 3 7 618 17 28 619 3 221 125 620 230 68 471 232 617 621 42 622 24 623 141 86 624 625 180 215 213 540 28 619 190 24 76 213 79 626 215 42 622 517 22 501 15 617 24 28 625
144 3 221 7 622 24 403 82 309
261 68 104 309 627 619 628 81 7 165 24 313 3 629 7 622 81 497 537 230 25 230 617 185 180 21 630 20 76 100 625 1 631 86 72 28 619 632 633 18 57 90 445 3 631 7 622 15 213 517 634 3 635
72 617 21 228 15 636 271 20 85 3 637 7 622 592 15 28 619 26 24 638 639 3 617 24 76 1 640 641 10 629 7 622 81 22 497 537 24 403 12 124 55 17 86
642 225 627 643 644 196 24 20 76 376 633 645 505 12 625 24 386 403 152 617 24 28 619 631 7 622 599 58 24 617 120 604 42 646 67 647 86 24 648 565 7 649 261 517 650 43
86 21 42 46 58 24 651 267 144 3 652 68 84 15 188 3 4 396 3 366 42 653 178 57 34 42 49 654 24 7 290 34 42 18 654 68 655 7 656 148 7 657 24 658 7 659 660 24 661
107 653 311 102 662 42 663 6 664 24 551 68 120 665 3 666 42 667 18 668 669 42 670 7 272 384 3 671 24 25 86 21 43 3 672 309
7 651 267 655 7 656 150 7 577 194 3 7 673 6 107 653 674 7 43 68 584 309 107 675 84 593 24 107 676 84 601 6 677 68 76 288 3 57 294 228 22 188 669 107 285 653
40 41 42 43 48 21 42 49 678 150 7 551 85 3 679 7 678 7 680 21 42 681 682 7 682 21 22 140 24 487 85 86
42 683 684 185 42 286 685 7 685 85 3 678 72 29 21 22 686 7 684 14 687 67 7 685 15 7 684 76 685 77 340 65 12 90 124 678 178
7 684 24 7 685 688 178 68 82 689 24 686 689 24 686 150 7 290 551 690 102 68 691 67 7 684 24 7 685 141 7 258 6 7 678 7 684 24 7 685 692 68 693 7 681 682 24 84 22 188
57 58 42 18 694 21 44 7 200 29 54 3 499 24 55 7 272 21 273 24 7 459 21 431 7 694 21 188 271 29 34 42 389 6 695 3 55
25 86 313 3 696 7 694 132 74 350 7 696 29 69 67 42 47 3 697 29 185 42 49 698 24 82 509 86 7 694 21 464 16 386 7 696
669 7 696 7 694 82 3 55 360 29 185 42 38 42 699 20 21 231 67 620 7 694 244 28 454 7 49 698 68 250 82 3 7 698 24 35 620 48 464 68 34 42 47 3 55 24 620 3 635 7 694 24 699 84 22 188
40 41 42 43 48 21 42 700 269 52 53 53 496 44 42 49 199 17 36 37 38 42 18 51 52 519 57 58 519 24 53 35 42 49 682 44 7 498 68 85 3 55 42 285 646
245 701 152 7 682 350 42 702 76 519 53 54 7 143 15 68 250 703 152 7 682 68 704 3 701 152 42 49 705 243 3 706 394 707 68 185 708 414 24 120 42 49 709 68 710 3 150 7 551 68 185
230 68 711 7 459 265 88 24 86 313 3 696 519 24 53 144 3 92 194 309 68 76 288 3 7 705 24 7 551 261 68 104 309 68 84 712 24 286 68 34 42 45 368 24 82 3 324 713 454 107 639 714 152 7 682 702
105 24 53 84 106 44 7 408 68 54 3 409 410 24 411 105 34 42 60 715 213 28 223 207 28 20 193 28 715 22 586
72 403 42 49 560 26 24 561 500 715 394 105 162 669 28 715 72 86 21 87 689 20 185 28 715 716 364 7 201 24 81 7 717 105 21 22 62 24 5
53 65 466 79 715 215 718 20 161
53 162 3 105 24 168 28 29 185 42 469 492 56 7 201 42 140 719 104 96 6 7 469 24 531 196 500 715 20 471 3 7 201 24 207 105 28 715 194
720 12 92 18 19 77 185 130 715 716 394 128 12 166 7 719 63
105 190 24 311 28 715 20 202 86 152 28 672 24 76 505 12 719 12 128 22 23 77 570 166 72 79 715 21 171 86 433 42 721
7 719 69 141 7 715 24 76 633 175 176 130 715 21 171 674 7 469 72 86 344 722 310 442 130 223 124 555 86 67 12
105 354 24 76 429 442 223 215 280 141 559 300 505 12 360 719 723
7 719 710 24 76 723 18 19 24 4 345 17 7 560
105 24 53 76 723 3 7 719 24 82 194 3 7 408 68 256 125 123 72 68 724 107 725 726 68 132 74 133 3 727 102 360 68 728 188 24 16
729 24 53 84 730 731 17 107 223 68 54 3 635 732 17 733 24 734 735 223 207 102 289 42 736 24 42 737 729 24 53 76 505 12 24 313 3 635
72 53 21 74 22 738 29 256 17 36 736 24 198 435 436 29 739 36 732 24 740 125 152 7 153 29 132 74 413 3 223 261 20 244 33 3 492 729 21 741 20 85 3 635 28 732 44 742
20 34 142 143 20 185 42 743 60 744 152 7 745 20 295 53 132 74 350 746 68 84 87 747 67 33 20 63 223 170 20 73 2 125 744 152 28 732 223 354 24 629 42 497 748 67 28 729 190 24 202 86 152 28 736
20 704 3 635 86 24 76 749 225 744 215 15 501 86 538 7 732 750 120 444 333 12 133 125 53 20 724 96 28 736 3 33
53 21 751 29 54 3 246 521 300 29 354 24 311 7 736 386 729 29 202 7 744 44 36 752 24 753 86 29 14 42 754 755 152 36 756 29 757 96 7 744 24 758 29 162 3 7 759 24 760 125 371 29 161 24 76 213 744 215 687 86 761 79 752 264
132 12 762 86 3 466 729
729 437 24 76 179 180 12 95 67 139 335 24 763 130 620 442 639 43 12 340 635 130 732 764 223 26 364 24 168 53 20 76 175 176 53 729 21 74 22 140 3 12 746 128 74 67 18 167 68 128 87 385 720 2 125 765 86 340 119 12 372 444 20 207
33 42 766 6 765 24 42 474
53 760 7 765 24 767 148 29 76 175 176 223 77 768 55 17 79 736 769 77 340 635 79 732 223 354 24 76 179 280 53 175 116 6 12 20 69 141 729 24 76 24 12 729 12 770 74 771 130 772 350 213 86 21 74 23 12 770 773 3 33 729 354 24
76 175 176 53 77 21 774 775 77 768 333 86 360 20 207 33 42 475 24 76 333 12 133 3 134 79 732 53 354 24 76 430 729 505 12 12 128 42 280 135 68 190 24 776 107 732 178 223 190 24 76 179 444 77 189 12 250 20 777 102 141 7 778 24
68 34 42 140 731
57 779 58 7 272 21 273 780 147 42 8 781 21 156
42 18 51 782 82 281 3 783 29 185 213 42 328 21 174 24 29 784 164 73 2 785 86
782 63 36 786 164 495 7 328 160
36 786 632 787 788 72 789 132 86 433 3 202 86 194 178 360
782 21 790 3 75 96 164 495 7 328 29 162 232 7 199 349 36 791 24 792 72 787 295
29 793 35 7 794 587 42 795 418 86 21 566 3 716 796 7 328 24 104 98 797 7 328 44 7 798
782 14 176 67 7 418 24 550 86 716 394 403 17 36 799 65 29 202 7 328 194 178
7 328 21 464 578 24 7 272 800 796 81 7 199 487 21 188 86 21 150 194 3 779
40 41 42 43 48 21 42 18 19 52 801 801 34 42 49 681 324 213 20 193 3 293 44 20 297 499 152 7 324 24 802 57 58 801 185 42 497 629 152 28 324 803 20 14 62 24 804
801 82 3 28 223 24 76 223 79 324 433 42 629 77 372 687 28 223 69 141 7 629 24 190 1 640 801 77 124 555 86 67 12 20 76 801 14 188 24 168 28 223
213 805 806 223 578 7 629 152 28 324 803 801 168 28 223 24 76 505 12 223 77 189 79 324 15 586 801 82 3 293 44 28 49 681 324 228 188 24 74 804 769
40 41 42 43 44 42 497 486 48 21 42 117 807 52 53 53 21 22 362 24 565 550 808 57 58 29 185 42 18 19 52 105 164 21 62 20 59 28 234 44 42 549
53 471 3 7 549 24 76 1 640 105 77 340 65 12 95 130 234 194 29 122 196 17 36 367 809 24 94 3 810 7 234 96 6 7 549 72 86 21 87 70 15 53 811 7 549 24 739 7 234 17 42 315 7 234 80 148 24 105 21 188
105 76 505 12 53 12 128 79 807 53 190 24 76 812 813 565 814 3 65 815 261 68 445 86 24 386 213 58 152 105 212 7 816 6 542 815 24 139 23
40 41 42 43 48 21 42 18 51 52 519 519 21 42 22 817 51 29 565 818 3 36 223 24 224 57 58 819 223 207 33 125 820 3 221 42 234 141 7 220
152 7 577 3 7 220 519 185 142 821 152 7 613 7 821 21 74 280 3 635 271 86 21 822 519 295 29 770 74 347 7 821 15 29 823 86 824
519 82 3 7 220 24 825 42 234 17 7 820 36 223 207 33 29 21 22 188 24 229 3 530 36 521 234 3 36 223 24 224 68 84 116 6 107 817 51 24 68 150 496 257 826 669
57 58 42 18 51 52 519 82 3 55 281 86 21 42 712 58 24 48 84 548 827 152 7 613 519 54 3 499 44 7 827 24 119 42 49 828 29 185 36 38 105 24 68 313 3 55 178
417 141 7 49 829 76 519 68 250 703 44 24 104 22 712 774 403 197 830 831 42 18 832 703 96 6 7 829 24 833 152 819 672
834 77 570 42 835 832 76 7 832 271 12 35 466 12 340 836 42 226 837 519 24 105 84 22 838
819 226 837 21 3 119 300 839 29 840 42 497 841 24 86 842 117 24 49 519 24 105 256 17 7 835 837 150 58 24 68 34 42 389 6 285 72 68 103 510 107 18 832 38 164 207 102 7 226 58
57 58 42 18 51 52 519 35 42 681 497 843 29 531 86 196 24 185 42 795 844 152 86 519 76 845 18 844 180 128 12 846 152 225 843
7 844 632 834 519 175 566 3 75 79 577 309 124 12 65 466
519 85 3 65 7 844 15 29 144 3 847 7 848 849 68 471 24 471 850 416 24 851 7 844 297 852 24 519 297 847 68 853 24 437 230 68 82 152 107 577
854 68 122 42 795 844 657 7 844 76 505 12 519 225 215 79 309 519 190 24 76 812 813 18 844 175 188 77 73 65 12
519 710 288 3 7 844 24 82 194 309 17 7 681 843 29 295 213 29 34 198 42 521 38 213 58
40 41 42 43 48 21 42 855 269 52 53 53 54 3 55 17 36 267 281 57 58 53 185 42 49 9 44 36 856 7 9 21 184 24 53 21 5
53 85 3 75 42 577 3 119 7 9 92 394 29 320 24 320 7 639 268 141 857 53 34 42 858 29 202 152 42 49 715 24 42 484 29 320 170 29 69 49 7 9 297 4 5 87
53 471 196 3 7 9 24 76 92 394 7 9 69 141 53 24 185 7 49 715 24 484 7 9 21 5 24 162 394 53 21 188 24 82 194 3 55 17 36 267
729 21 22 229 20 21 243 281 3 716 42 859 28 223 550 28 860 7 859 20 34 3 861 862 3 7 863 15 7 859 73 716 70 20 85 3 716 7 859 70 864 7 460
639 729 34 3 865 7 859 3 7 862 20 21 15 188 230 20 690 7 859 866 399 7 613 20 437 24 867 17 677 7 859 868 869 24 869
729 21 15 870 213 20 871 132 74 372 380 261 20 233 223 387 196 7 165 20 295 223 34 3 205 15 213 729 73 2 285 20 382 162 204 3 762 28 223 42 475 24 505 28
223 190 24 168 729 194 68 250 82 194 281 3 716 7 859 178 729 21 116 6 28 859 24 120 872 6 873 67 874 7 43 3 505 28 223
40 41 42 43 48 21 42 875 269 52 53 53 193 3 92 67 42 876 44 7 408 599 58 29 297 202 152 36 875 715 24 92 67 42 411
57 46 58 230 53 21 877 29 185 42 49 549 29 144 3 254 878 24 411 232 86 230 29 879 29 525 42 521 38 42 9 52 64 64 21 283 243 67 42 876 44 7 408
53 24 64 880 178 599 58 68 297 254 232 7 49 549 403 881 509 86 3 882 68 265 37 267 24 34 287 6 285 44 7 875 408
105 24 883 350 3 678 68 678 17 107 884 107 885 24 107 108 57 58 68 75 42 49 886 6 887 44 7 888 68 78 6 42 521 577 3 678
245 678 17 887 105 889 90 124 119 887 725 24 887 890 24 887 891
430 883 889 213 892 285
68 366 7 887 24 125 893 24 92 3 7 498 68 629 24 894 24 119 610 300 17 887 105 538 42 887 715 17 42 895 883 538 42 887 702 17 42 701 68 202 102 152 24 411 3 7 896
634 897 92 105 898 68 899 107 887 300 81 7 371 24 900 102 901 500 715 902 903 702 904 364
633 100 68 338 173 887 300 128 712 24 905
68 906 24 411 194 3 7 888 68 75 123 887 24 119 521 300 105 538 42 887 907 17 42 456 883 538 42 887 908 17 42 909 643 68 202 102 152 24 411 3 7 910
634 897 92 883 898 68 899 107 887 300 81 7 911 24 900 102 716 500 907 912 903 908 913
426 68 338 173 887 300 128 914 24 875
68 448 24 411 3 289 290 68 475 24 134 107 887 300
90 128 280 141 915 17 887 105 889
429 90 128 883 889 887 215 285
68 916 24 678 17 887 125 123
40 41 42 43 48 21 42 22 743 19 52 917 917 21 339 918 919 545 72 20 21 920 22 427
57 58 917 21 921 44 28 922 231 96 6 7 328 261 150 6 42 923 42 489 924 42 925 715 926 29 21 927 197 44 36 928
29 929 152 7 326 24 76 3 917 175 720 3 930 130 931
917 21 22 229 24 190 20 312 7 326 24 7 489 932 28 7 931
917 192 7 489 24 29 190 812 22 813 29 76 24 403 29 823 17 42 933
917 162 194 3 28 922 17 28 931 20 21 15 188 24 573 605 3 351 180 21 44 86 230 20 312 86 20 21 453 213 86 21 243 3 4 743 24 20 21 878 587 7 931 21 369 17 934 935 24 936
40 41 42 43 48 21 42 18 19 20 496 44 42 310 199 674 7 937
7 18 19 21 62 20 21 15 62 213 20 573 120 55 17 28 267 599 58 20 297 881 674 873 24 938
57 58 28 223 35 96 20 63 28 939 264 20 21 62 7 18 940 480 369 17 941 24 20 76 77 1 421 7 942 3 79 943
28 223 168 28 24 76 517 430 12 1 2 3 421 7 942 3 130 943 90 774 2 3 75 42 577 3 65 12 944
7 18 19 21 15 945 24 168 28 223 946
386 403 152 7 18 19 21 100 947 948 20 949 599 58 24 25 950 20 295 7 942 3 28 943
40 48 21 42 51 164 193 106 44 7 129 599 58 29 297 951 196 36 952 17 953 24 954 403 29 297 411 3 7 607 955 199 3 530 33 180 29 35
7 607 489 21 565 188 3 89 7 51 24 29 297 762 33 42 49 916 57 58 230 7 51 584 141 7 955 199 7 489 63 33 3 956 148 7 51 21 957 72 29 958
7 607 489 244 33 213 29 770 103 4 87 116 6 180 29 433 447 7 300 29 959 29 76 213 170 7 51 21 960 24 961 100 962 180 29 34 29 297 565 4 607 44 7 480 6 963
7 51 192 7 489 24 162 399 586 964 965 261 29 34 584 386 403 152 7 51 21 826 961 67 150 213 29 34 29 513 7 955 966 24 967 968 17 969 44 36 970
57 58 42 18 51 52 519 82 3 7 220 17 36 223 519 21 42 753 5 271 29 34 103 395 3 7 220 292 36 223 76 1 640 77 340 4 878 720 17 12
141 7 220 68 34 3 605 44 42 367 971 519 21 972 973 147 42 49 9 26 44 7 9 21 48 3 974 7 220 17 42 49 301 6 108 7 9 76 975 77 2 108 67 7 220
519 21 838 24 74 5 769 29 76 426 42 976 9 7 9 207 519 42 234 386 7 301 519 21 15 188 24 573 605 3 330 194 3 7 220 360
977 21 978 979 42 980 981 150 6 42 923 29 185 42 593 982 44 7 371 24 144 3 572 67 86 29 983 148 24 230 29 122 67 86 29 14 42 828 6 984 371 152 36 643
633 100 29 985
29 14 197 986 987 36 988 24 29 185 42 497 708
989 132 12 330 386 18 57 29 63
7 18 708 632 77 570 386 7 980 981 77 330 96 261 77 828 232 24 7 593 982 990 466 720
977 190 188 3 421 264 7 708 21 48
669 68 76 107 991 977 32 978 148 7 981 231 67 123 980 992
40 41 42 43 44 42 497 199 48 21 42 97 721 7 721 21 15 97 213 100 57 73 89 7 146 42 217 496 44 7 199 24 68 34 42 993 7 97 721 21 509 107 994 24 68 529 995 3 555 86
57 58 42 49 362 996 26 3 7 199 86 185 7 97 721 509 7 994 24 85 3 65 7 996 997 998 362 277 3 995 7 994 86 999 48 150 58 24 150 805 1000 453 7 994 132 74 1001 81 7 97 721
7 217 21 22 188 213 7 996 26 3 995 107 994 68 192 7 996 24 207 86 620 3 635 386 213 58 152 7 97 721 21 74 42 993 769 7 217 24 7 996 496 257 178 24 7 994 1002 362 17 7 995 6 107 521 38
40 41 42 43 48 21 42 751 18 51 52 519 29 54 3 1003 36 223 24 224 57 58 519 185 42 1004 44 7 1005 7 1004 34 42 49 715 24 42 367 315 519 320 7 1004 21 231 67 197
519 331 7 1004 72 1002 706 394 29 185 7 1004 202 42 497 301 509 42 549 519 21 22 751 29 85 3 421 180 21 44 7 301 7 1004 823 24 519 82 3 417 141 7 301
261 519 104 3 7 301 29 185 213 86 21 369 17 501 514 29 295 213 7 1004 34 823 86 67 1006 226 519 144 3 1003 36 223 24 224 24 74 366 7 514 29 82 194 309 24 244 102 454 7 1004 24 7 301 68 84 116 6 519 67 1007 102 24 139 42 280
40 41 42 43 48 21 42 5 685 52 685 29 21 5 271 29 1008 1009 7 205 29 34 3 333 29 21 5 6 7 300 213 29 297 445 3 333 15 29 1002 44 36 1010
57 58 29 144 3 1011 29 1012 1013 96 6 36 1010 24 897 96 3 1011 7 1014 29 525 548 267 164 84 23 24 1015 33 186 3 333 7 205 685 21 188 3 351 186 3 333 7 300 29 21 5 3 333
25 950 685 212 186 3 333 7 205 24 1016 405 86 29 193 1017 186 3 333 7 205 24 29 1018 7 205 29 132 17 36 267 29 297 1019 1020 454 7 205 29 132 685 21 100 947 5 24 21 464 228 1021
7 258
729 24 883 128 267 68 350 3 55 281 44 7 272 72 57 58 7 459 215 74 1022 86 215 88 24 700 729 24 883 101 42 8 451 86 215 1023
245 92 204 729 889 7 696 340 330 25
100 77 133 3 55 123 883 889 29 1024 74 350 3 492 106
729 1025 42 49 1026 86 215 1027 20 215 5 20 1028 3 7 326 883 330 152 7 1027 215 1029 86 124 171 12
883 1024 74 413 29 1030 281 29 1031 42 61 29 1032 29 215 1033
72 403 29 1034 42 536 152 36 672 86 215 696 86 215 984 24 712 29 1024 74 350 86 29 1035 7 61 29 1028 3 7 326 72 7 326 215 479
65 729 567 7 326 883 898 29 1036 152 7 326 29 215 712 24 62
729 1037 883 20 1038 7 326 20 1039 33 44 20 215 138 264 132 12 74 413 3 466 77 94 3 1040 12 386 972 712 12 128 1041
883 215 176 29 889 77 570 176 729 12 128 878 77 770 2 818 3 12 12 128 427 124 90 344 4 267
729 1042 20 889 429 90 124 344 4 267 72 639 43 261 7 459 215 74 1022 90 770 92 204 430
883 1043 29 889 430 77 340 413 3 12 639 43 24 442 639 1044 7 272 340 330 194 24 90 124 55 281 360
729 24 883 475 68 128 267 68 92 3 7 109 110 68 55 17 108 68 605 67 7 696 3 492
40 41 42 43 48 21 42 18 19 52 801 20 193 3 1045 28 49 1046 522 57 58 670 20 21 1047 20 185 42 1046 6 42 1048 20 34 103 1049 42 1048 292 24 20 85 3 246 86
801 82 3 28 223 24 76 223 77 185 42 1048 44 79 522 124 90 246 86 28 223 190 24 76 429 801 90 124 246 86 67 650 1050 801 21 22 188 24 73 74 605 67 650
141 650 806 38 105 26 364 3 635 17 102 261 68 185 7 1048 105 14 1051 20 85 3 246 7 1048 87 801 693 28 1048 17 105 24 68 250 193 86 386 213 58 152 801 24 105 565 85 3 635 1048 178
40 41 42 43 44 42 497 1052 48 21 42 51 52 53 53 34 42 234 1053 29 193 3 55 17 36 1053 150 58 367 57 58 53 14 1054 36 1055 171 42 389 29 784 180 21 1056
53 82 3 36 223 24 63 28 42 1057 223 264 1024 79 1055 171 36 223 320 67 42 1058 24 76 442 12 776 87 586 1059 53 53 295 29 776 42 389 6 1059 15 29 320 36 223 21 878
1060 223 244 33 3 882 24 74 55 17 36 1053 67 42 670 53 818 3 36 223 24 311 42 465 261 29 270 196 29 14 586 444 53 212 213 647 87 586 1059 124 119 33 372 1054 29 144 3 635 1061 1059 24 55 17 36 1053 123
1062 85 3 1063 36 38 1064 15 29 82 96 24 825 28 42 140 1065 261 29 185 28 1062 257 1066 7 1065 3 28 72 261 1064 312 86 20 21 1067 7 1065 21 1068 24 1069 20 21 1070 197 1071 24 444
1062 21 1067 213 1064 21 74 188 17 36 1072 29 132 74 421 186 3 119 86 196 3 28 29 320 24 320 1073 29 26 196 17 142 143 29 1066 3 299 7 1065 17 1074 303 3 119 86 417 140
1064 21 188 17 225 143 24 252 68 250 554 178 24 202 152 287 6 303 1073 7 1065 21 1075 86 69 586 123 1076 24 1074 1064 21 188 17 1077 1072 464 24 192 33 67 36 1078 68 34 854 1079 3 1080 7 263 24 119 1064 916
40 41 42 43 48 21 42 18 19 52 105 20 193 3 635 1081 57 58 105 82 3 7 408 17 28 223 48 20 35 42 49 1082 1083 17 287 6 218 1081
105 21 15 188 3 89 7 1081 72 20 21 957 87 20 1008 421 170 20 73 1084 102 20 63 28 223 124 77 1084 7 1081 28 223 76 429 12 124 1084 125 72 814 3 338 505 12 3 7 1082 1083
105 531 125 1081 24 76 505 12 1082 1083 20 207 125 3 28 223 24 28 223 1085 102 17 42 49 916 68 250 776 7 1081 24 34 42 285 58 141 7 408
40 41 42 43 48 21 42 18 19 52 1086 20 34 42 234 52 1087 1087 21 42 689 1088 213 73 411 24 1089 150 58 367 1086 193 3 55 17 1087 72 57 58 20 14 62
1090 223 185 28 62 643 24 63 264 128 12 62 1086 1086 76 77 133 3 119 42 887 702 72 77 1 421 186 3 894 7 887 28 223 190 24 76 77 124 65 12 894 7 887 3 119 42 702
1086 24 28 223 638 148 24 313 3 894 7 887 68 1091 86 40 1092 24 403 57 123 43 7 887 702 21 634 1086 21 15 188 20 311 7 702 24 1087 281 3 55 56 7 371
1086 202 7 887 702 152 7 371 24 253 86 901 1087 628 232 7 702 72 403 7 371 313 3 119 7 702 712 7 702 265 681 24 73 74 901 769 86 1093 81 7 371 24 1086 73 74 95 86 194
1086 21 22 62 213 28 702 21 718 20 724 1087 726 24 82 194 204 7 199 120 1094 28 223 94 3 119 28 372 444 1086 344 1095 28 887 702 7 58 1096 17 42 687 1097 72 1086 295 20 73 565 119 294 702 17 28 308 65
40 41 42 43 48 21 42 188 19 52 1098 20 193 3 55 44 7 408 24 410 152 7 1099 57 58 1098 21 228 42 18 753 1100 271 20 34 103 1049 42 456 44 7 459 292
1098 63 28 1101 1102 124 77 89 42 456 1103 28 1101 632 6 467 12 124 7 483 330 196 141 805 24 68 417 1104
1098 21 15 188 213 20 162 281 3 7 408 20 1105 152 7 613 24 69 196 44 7 459 77 1106 1107 585 77 124 89 42 456 20 76
72 403 197 1108 831 42 456 384 3 1109 1098 21 15 229 213 20 703 196 24 148 24 867 42 456 77 124 89 42 456
1098 69 196 141 7 459 599 805 386 403 152 20 85 3 4 7 255 3 1110 42 456 24 20 21 103 1100 454 74 1111 57 599 805 20 297 274 1112 230 25 230 7 272 76 288 24 599 805 20 21 453 3 75 42 456 1098 193 1113 44 7 483
40 41 42 43 48 21 42 18 19 52 1114 1114 21 1115 20 193 3 1011 24 75 521 300 57 58 1114 82 67 42 1116 44 7 1005 20 185 548 416 24 551 20 14 22 188
230 20 471 1114 185 42 49 549 17 42 1117 152 86 20 784 186 86 1118 1114 811 7 549 24 531 7 1117 86 21 1119 24 534 20 311 42 49 1120 24 86 21 22 501 1114 190 24 14 116 6 28 714
1114 82 309 24 244 28 223 454 7 1117 28 223 21 188 213 1114 34 142 1115 58 68 250 776 7 1117 178 24 437 1114 573 605 67 28 639 714
40 41 42 43 48 21 42 1121 19 164 496 44 42 497 199 599 58 20 297 1122 96 6 28 199 1123 42 1124
57 58 20 21 978 148 7 717 261 20 162 81 28 38 1125 1125 63 28 180 128 12 846 17 7 1124
7 19 190 24 76 77 570 243 3 7 408 3 666 7 414 77 570 22 1121 24 346 1126 586 620 67 102 15 77 366 225 1124 3 1127 125 371 67 102
1125 190 24 76 253 466 330 17 12
7 19 190 257 230 20 379 137 3 7 408 17 1125 68 25 122 7 1110 989 7 414 84 1128 24 1125 550 28 3 1127 125 371 17 7 1124 7 414 192 102 17 548 188 1129
7 19 24 1125 1130 230 68 690 7 414 405 7 371 68 250 14 22 188 213 68 34 550 7 1121 414 44 381 42 497 577
40 41 42 43 48 21 42 49 549 17 287 6 1131 42 18 418 496 44 7 549 7 418 21 22 1132 271 86 73 635 7 1131 599 58 7 418 21 188 24 458 42 310 452
57 58 42 18 19 26 3 7 549 20 73 101 7 418 1133 7 19 54 7 452 24 85 3 4 267 17 7 418 20 531 42 1134 386 7 549 24 693 86 17 7 418 7 418 21 188 3 2 42 521 38
7 18 19 24 7 418 256 178 599 58 68 84 250 22 1132 3 2 289 290 68 693 7 1131 386 7 549 24 458 1135 178 7 19 24 7 418 84 7 37 6 267 24 496 257 826 669
40 41 42 43 48 21 42 22 226 19 52 1136 20 193 3 246 521 300 57 58 20 185 42 49 1137 44 7 200 24 320 86 297 4 285 3 1138 86 148 20 1139 28 1140 152 7 1137 24 76 7 835 966 1138 1138 1138
147 7 1137 313 1141 1073 86 21 7 1142 6 42 1143 1136 21 15 229 674 28 1144 213 20 144 3 246 86 96 152 290 300 87
7 639 58 1136 82 3 7 408 17 28 163 20 185 42 1145 549 24 63 28 163 170 68 73 65 28 1138 86 148 1146 68 252 24 1139 107 1147 152 7 1148 6 7 549 1136 403 76 28 835 966 24 7 549 313 3 95 1149 68 690 230 7 549 265 7 1142 6 42
1150 1151 1152
1153 163 84 870 674 28 835 24 168 28 1154 68 84 116 6 107 939 24 84 15 1155 213 20 34 381 142 934 837
1136 190 230 20 192 28 163 67 1113 44 28 20 295 213 17 441 20 73 119 120 1156 1157 17 28 835
40 41 42 43 48 21 42 9 52 1110 1110 21 42 22 1158 9 29 193 3 55 24 2 285
57 58 1110 156 36 267 976 90 340 1159 76 57 38 1110 21 229 29 85 3 1159 87 29 162 3 36 267 24 63 124 77 1159 87 36 267 190 24 76 429 1110 245 150 1159 178
68 256 1160 776 501 620 24 437 42 389 1110 21 22 188 36 267 84 188 87 68 150 34 42 266 43 1161 24 68 150 496 257 826 669
40 41 42 43 44 42 49 543 48 21 42 1162 18 9 52 1110 1110 21 565 5 6 337 57 46 58 1110 144 3 92 67 42 1116 44 7 543
230 1110 21 978 29 525 42 49 362 1163 7 1163 69 141 1110 24 76 264 128 12 15 5 18 9 1164 1165 3 4 1166 6 44 225 543 1110 69 141 7 1163 24 76 72 175 565 5 77 1 421 186 3 4 1033
7 1163 1167 330 17 466 1110 77 340 530 12 186 3 4 1033 15 1110 24 7 1163 471 178 44 7 543 68 185 548 300 24 525 548 267 1110 313 3 372 1061 5 17 7 1163 674 36 1168
674 7 258 6 7 58 1110 21 74 1162 769 29 21 42 1033 18 9 150 969 3 36 49 362 1163 38 24 386 213 58 152 1110 24 7 1163 84 7 37 6 267 565 106 24 730 285 44 7 49 543
40 41 42 43 48 21 42 526 9 52 1169 1169 54 3 411 24 55 150 58 57 58 1169 185 42 49 1170 7 1170 34 42 1046 6 42 269 152 86 1169 85 3 4 267 17 7 269
1169 82 196 3 7 1170 24 94 3 55 17 7 269 72 7 269 132 74 1171 447 55 194 1169 14 62 403 197 830 831 7 269 152 7 1170 313 3 1172 86 879 81 42 1173 269
7 269 703 148 386 7 1170 24 76 845 77 570 1174 1169 21 22 188 3 1175 42 521 38 68 256 178 150 58 367 386 213 58 152 1169 24 1174 84 7 37 6 267
1125 21 106 44 7 109 110 29 21 730 287 6 285 1176 150 36 108 147 36 223 471 81 7 110 20 21 927 42 1177
1125 76 180 215 86 159
223 76 517 42 140 1177 67 12
20 202 86 44 1178 6 33 24 29 840 86 86 21 22 681
1125 76 180 215 86
223 76 517 42 1179 1163 297 12 350 3 366 86 3 130 110
1125 354 24 190 29 168 7 1163 24 311 86 3 36 110 29 35 7 1180 1110 67 86 24 202 86 148 86 69 22 140 44 36 110
1125 190 24 76 77 189 86
57 58 42 18 19 52 563 35 42 1181 152 7 153 20 531 86 196 24 320 86 21 22 226 563 34 142 143 20 85 3 119 42 1182 67 28 110 20 14 1183 24 188 261 20 320 454 1000 7 1182
563 82 3 28 223 24 76 223 124 77 119 42 1182 67 79 110 17 225 1181 28 223 76 429 563 72 255 12 445 3 75 125 887 563 82 3 417 67 887 20 295 774 989 3 75 86
563 35 125 887 24 313 3 119 28 1182 20 327 42 49 272 24 42 188 643 20 1184 28 428 17 7 226 1181 563 21 15 116 6 28 1182 20 1015 86 3 28 223 24 76 417 223 77 198 42 1182 67 79 110 28 223 190 24 76 179 42 266 1182 563 245 202 86
152 130 326
68 202 7 1182 152 571 326 24 86 198 28 110 372 120 123 1183 24 188 563 295 213 7 226 1181 34 550 28 119 28 110 42 444 47
40 41 42 43 44 42 497 408 48 21 42 49 409 150 7 167 193 3 55 152 7 409 72 57 58 42 1185 51 52 519 297 74 253 7 290 167 55 152 7 409 29 76 225 215 79 409 100 57 1186 124 55
7 290 167 84 62 68 85 3 55 152 7 409 87 15 68 144 3 1187 42 858 68 853 3 519 24 76 170 90 150 366 1188 90 124 150 55 152 7 409 24 2 285 178 519 320 454 86 24 252 3 246 107 858
487 311 1188 24 68 150 34 285 106 152 7 409 519 212 213 214 24 1189 124 119 487 188 7 167 44 7 408 265 280 267 24 68 565 256 178 669 213 58 7 1190 6 7 1191 215 213 214 24 1192 178 215 444 965 139 1185 24 1193 300 3 1194
40 41 42 43 48 21 42 1195 708 52 1196 1196 54 3 1197 24 55 17 36 267 44 7 371 57 58 1196 24 36 267 35 42 1198 509 7 371 68 84 22 229 24 85 3 1011 86
1196 24 36 267 144 3 1199 81 7 1198 57 674 57 68 1200 204 24 86 21 88 24 1201 230 68 82 1202 68 185 42 461 141 7 258 6 7 1198 68 1200 1203 24 1203 3 572 7 461
261 68 104 3 7 258 6 7 1198 68 35 42 49 1063 86 21 42 1204 774 67 102 48 84 1205 210 24 1160 7 1198 21 42 508 577 3 42 285 1204 67 1195 708 350 1196 24 36 267 68 256 24 34 285 150 58 367 24 386 213 58 152 7 1198 265 107 533 47
3 55
40 41 42 43 42 18 51 52 519 21 228 1206 29 21 62 271 29 34 100 267 3 55 17 57 58 519 82 3 7 408 17 36 223 68 185 42 497 1207 150 824 509 42 49 549
819 223 76 519 12 124 366 7 1207 309 170 12 133 519 21 15 188 3 836 7 1207 230 36 521 38 68 52 7 1207 462 271 20 34 681 1208
519 24 462 256 178 599 58 68 162 703 24 437 519 21 74 1206 769 29 21 188 271 29 34 42 521 38 44 462 7 1207 24 68 496 257 826 669
57 58 42 51 52 519 82 3 7 1209 17 36 223 7 1209 76 29 529 142 1210 519 21 5 72 36 223 76 1 640 90 124 1211 178 24 337 340 4 166
44 7 1210 110 519 525 42 1212 19 52 105 20 76 77 1 350 1213 1214 93 519 244 28 79 223 76 170 90 1211 90 768 4 5 105 320 67 42 1058 24 76 166 245 246 86
68 1215 178 24 197 830 831 7 1210 1216 879 81 42 285 234 519 24 105 256 17 86 24 84 74 5 769 7 1209 21 838 72 188 3 89 102 730 285 386 213 58 152 519 24 105 265 37 267 24 565 1215 178 261 68 84 5
57 58 42 18 19 52 105 82 3 7 408 20 185 42 310 1217 106 7 1217 34 49 1218 24 42 140 916 105 85 3 1219 7 1217 72 20 21 87 686
105 99 96 1217 341 605 67 466 72 7 1217 132 74 101 28 7 1217 21 1220 20 73 74 101 1221 105 14 62 72 20 34 142 143
105 531 196 42 841 24 740 86 3 7 1217 7 1217 185 7 841 24 190 141 105 20 868 148 3 105 24 68 265 267 68 256 44 7 408 150 58 24 105 21 188
57 58 42 18 19 52 801 21 44 7 165 17 28 223 806 223 21 1000 732 67 650 801 21 22 738 24 85 3 635 7 732 20 76 223 124 77 2 125 732 464 806 223 76 74 1222 801 86 215 74 634
801 185 42 1121 18 269 281 7 328 7 269 69 738 87 801 14 62 67 7 269 24 85 3 65 20 76 223 124 90 762 125 732 3 7 1121 269 28 223 69 281 24 185 7 269 87 20 76 429 90 124 762 7 269 125 732 261 86 215 634
801 21 188 3 65 7 269 20 82 281 24 623 3 7 269 7 269 26 3 28 261 7 732 21 634 806 223 207 28 42 497 1223 6 732 801 311 7 1223 281 24 207 86 3 7 269 7 269 776 7 732 24 69 188 801 14 280 213 20 73 65 7 1121 269
53 24 105 54 3 55 44 7 408 68 54 3 409 410 24 411 72 107 533 540 21 3 92 44 7 1198 7 1198 21 49 24 88 24 34 435 892
57 58 68 82 44 7 1198 24 185 197 521 86 21 42 497 326 17 42 1182 7 1182 34 1224 72 68 73 74 524 102 68 84 751 68 85 3 89 180 21 1225 7 326
68 312 7 326 24 185 42 593 461 68 471 81 7 461 24 35 42 521 47 86 21 42 200 17 851 416 24 551 68 185 42 684 42 418 24 42 1226 68 84 188 68 85 3 55 17 102
72 403 68 156 42 1227 86 21 42 8 24 138 1227 86 76 164 128 12 180 128 12 846 720 225 215 79 200 92 394
68 84 5 68 132 74 421 164 7 1227 21 68 69 232 24 185 42 49 489 29 34 42 715 42 1228 24 42 315 29 69 184 29 21 7 1229 6 7 200
68 162 194 3 7 326 68 85 3 92 309 68 479 7 326 24 162 796 7 1198 68 132 74 492 1073 68 122 7 408 68 84 286 68 132 74 133 3 55 769
68 35 107 223 24 224 68 168 102 68 1230 90 185 42 521 47 86 21 310 72 93 48 21 42 687 489 29 1231 141 1232 90 128 176
107 223 24 224 190 68 76 517 166 12 128 16 464 12 84 1033 72 639 43 1 92 44 1233 1234 1235 44 7 408 90 189 12
68 354 68 76 90 189 12 87 124 90 92 309 464
68 82 309 68 34 42 1236 24 42 465 68 482 6 7 200 24 7 551 72 68 132 74 1237 6 7 687 489 68 510 33 68 84 188
40 41 42 43 42 18 418 496 44 42 497 549 7 18 418 193 3 55 17 36 38 7 668 68 54 3 55 17 1238 57 58 7 18 418 21 1239 29 132 74 421 989 36 38 21
7 418 69 150 232 67 36 38 29 185 42 49 1240 152 7 613 7 418 320 442 79 38 215 1241 1225 7 1240 7 418 868 148 3 417 72 36 38 21 74 48 7 418 21 123 1239 464
774 403 7 668 703 96 386 42 1083 29 34 42 49 916 152 36 643 29 76 77 21 1241 3 1063 12 7 418 21 188 3 89 36 38 68 256 17 7 49 1240 178 7 18 418 212 213 1242 261 300 1243 687 42 188 1063 1244 4 774 232 7 235
57 58 42 18 19 52 1086 82 3 7 220 17 28 223 68 529 3 221 42 744 67 650 1086 54 3 1245 43 17 28 223 68 471 24 853 24 1086 14 188
141 7 220 1086 35 42 22 49 744 86 21 15 49 213 86 69 1041 20 1015 28 223 7 1041 744 24 68 250 437 68 825 7 744 24 82 309
261 68 104 309 197 830 831 7 1041 744 313 3 1020 86 76 834 77 570 42 835 744 505 12 67 874 466 309 1086 24 28 223 84 22 838 72 68 198 42 521 38 213 58
40 41 42 43 48 21 42 18 702 7 702 193 3 1246 152 7 371 57 58 7 702 185 42 1180 1247 706 394 7 702 85 3 92 3 7 1247
7 702 313 3 1246 3 7 1247 86 21 22 188 7 272 21 273 24 7 371 21 1183 7 702 21 871 141 7 1247 261 197 830 831
42 49 933 26 24 1248 7 702 394 386 7 1247 7 702 94 3 1246 194 72 7 933 21 87 362 7 702 21 62 271 86 73 74 572 7 1180 1247 24 213 215 186 7 1191 1249 17 7 702 706 394 386 7 1247
57 58 42 18 19 52 563 21 106 44 7 408 20 185 42 49 549 17 548 558 563 85 3 1250 1251 7 549 72 20 73 74 20 313 3 1252 7 549 3 89 186 70 20 73 92
230 563 811 869 20 14 1206 20 69 148 24 185 28 38 53 53 76 563 4 345 12 1244 1001 563 156 53 24 295 20 770 413 3 33
563 313 3 1252 148 7 549 20 21 22 345 74 3 1001 261 20 104 3 7 613 20 168 53 24 76 505 12 67 542 466 53 190 24 76 812 813 563 245 55 152 7 1099 1253 68 256 24 34 285 178 24 563 21 188 20 132 74 1001
57 58 42 564 51 52 519 82 67 42 1116 29 1254 36 533 60 861 152 36 577 29 185 42 49 549 519 85 3 1252 7 549 72 36 861 104 98 29 73 74 1171
42 18 418 185 519 24 85 3 65 7 418 94 3 145 7 861 72 86 132 74 492 7 861 104 947 24 947 519 21 838 264 215 79 861 15 367 29 320
403 7 418 34 142 143 86 997 7 367 861 3 119 42 410 519 24 7 418 256 152 7 410 150 58 68 34 15 586 285 7 861 21 74 98 769 24 519 21 188 7 418 21 42 280 38
40 41 42 43 48 21 42 367 862 225 862 21 22 226 86 496 44 42 49 310 301 7 862 21 22 188 44 7 301
57 58 42 18 51 35 7 301 29 85 3 1045 7 367 862 29 311 7 862 96 6 7 301 24 256 17 86 7 862 21 22 188 3 4 17 7 18 51
7 18 51 24 7 862 265 37 267 68 256 150 58 24 34 287 6 285 7 367 862 21 22 188 3 2 42 38 24 68 496 257 826 669
40 41 42 43 48 21 42 18 19 52 105 105 193 3 635 1255 17 1256 599 58 20 297 569 28 223 3 202 1256 152 28 1255 86 198 28 22 188 24 229
57 58 105 525 42 526 9 52 282 282 21 1220 72 29 21 22 280 141 106 17 105 68 54 3 411 24 499 178 44 7 408 105 297 899 42 61 24 282 297 75 86 120 1094 29 73 74 101
105 24 282 265 37 267 68 256 178 599 58 24 105 297 565 134 28 1255 17 1256 17 282 68 84 250 229 24 188 3 2 289 290 230 267 24 68 496 257 826 669
40 41 42 43 48 21 142 1257 1258 29 997 3 716 196 70 44 7 459 24 1259 96 7 1014 1260 57 58 29 21 228 1261 1262 15 29 868 150 7 577 3 7 1263
29 34 156 454 150 7 1076 300 29 73 75 48 72 261 29 584 29 21 154 3 75 337 21 22 610
147 29 156 42 1227 1264 96 3 33 834 79 1265 38 86 76 29 69 148 3 89 42 497 51 1266 48
7 51 63 7 1258 170 29 85 42 208 7 1258 21 751 24 76 429 7 51 311 33 3 42 1267 408 24 1268 3 1269 33 17 287 6 1270
7 1258 21 1271 17 677 29 573 585 36 1257 1272 29 192 7 51 292 874 399 81 7 459
24 179 186 7 1257 1258 21 516 674 42 23 18 51
40 41 42 43 44 42 497 486 7 808 85 3 2 42 49 1273 68 85 86 3 4 1180 68 554 439 3 119 620 55 1160 24 2 285 487 21 188
152 7 58 6 7 1273 197 830 831 42 49 560 26 24 311 394 150 7 620 24 1160 7 808 84 62 68 320 107 1180 1273 21 718
72 403 42 18 19 34 142 143 20 76 245 119 42 521 1273 17 180 90 2 823 7 808 193 28 143 68 198 521 620 35 521 1160 24 34 285 178 7 1273 21 610 72 86 21 344 1180 487 21 188 360
40 41 42 43 48 21 42 18 9 52 1110 1110 21 42 515 9 271 29 54 3 55 44 7 1274 57 58 1110 35 42 49 1275 152 7 613 86 21 42 22 226 58 24 150 36 267 84 243 3 1159
1110 85 3 92 3 7 1204 72 29 21 87 515 36 38 7 49 269 244 33 12 346 330 3 7 1204 170 12 128 515 12 445 3 366 42 368 1110 1008 350 407 72 29 85 3 1159 17 36 267
15 1110 311 42 368 24 104 150 336 29 82 3 7 1204 24 34 287 6 285 17 36 267 68 1276 776 501 620 24 256 1160 1110 212 213 517 177 3 4 336 24 213 874 42 368 124 4 280
40 41 42 43 48 21 42 1277 1278 52 1169 1169 496 44 42 49 1279 17 150 36 1278 267 7 1279 21 44 42 117 549 56 310 851 1169 193 36 309
599 58 1169 24 36 267 82 3 7 851 3 95 620 68 311 7 620 194 3 7 1279 3 220 86 68 554 178 24 693 17 289 290
57 58 1169 525 42 521 38 42 1226 52 617 617 21 22 140 24 1277 87 68 256 178 24 34 287 6 285 386 213 58 152 1169 24 617 84 7 37 6 267
53 24 801 128 267 68 350 3 55 17 108 57 58 68 75 42 521 1280 44 7 408 86 215 305 24 534 24 433 548 594 86 215 22 1281
426 417 141 225 53 889 86 215 15 310 77 133 3 2 86
100 77 133 3 2 86 801 889 86 215 129 77 185 86 255
68 250 246 3 1282 7 1280 68 145 24 1283 24 1284 68 128 74 188 68 128 138
42 49 9 1285 674 29 1025 7 1280 29 1032 86 215 42 61 29 1286 3 55 17 86 29 1028 24 1287 24 1288 7 1280 386 53 24 801 29 1028 394 17 86
1289 330 194 53 24 801 338 213 215 1290
68 1291 7 9 68 411 24 411 24 411 68 128 286 68 128 62
68 492 24 417 141 289 290 68 1292 68 84 1041 68 84 74 140 3 289 290 68 84 74 280 267
175 176 53 801 889 77 770 2 693 17 12 12 124 2 7 1280 170 90 75 86
175 176 801 53 889 77 770 2 63 12 12 124 2 7 1280 170 90 75 86
68 475 24 916 68 128 188 68 128 267
68 1293 3 417 67 7 9 24 7 1280 68 1294 3 1295 68 1294 3 55 17 86 178 68 1294 3 2 285
40 41 42 43 44 42 49 543 48 21 42 18 668 52 64 64 193 3 1296 7 43 674 106 17 36 267 150 58 57 58 1297 223 207 33 42 501 208 3 134 17 36 267 20 244 33 3 4 345 24 74 92 56 7 1029 981
64 82 3 75 36 267 3 134 7 208 29 1298 674 7 117 416 7 1119 412 24 7 310 851 29 35 36 267 24 68 84 150 22 188 3 89 7 208 68 437 24 256 670 68 776 7 208 178
230 68 256 68 185 7 1029 981 213 1297 223 34 244 33 454 68 295 68 770 74 92 56 86 15 68 82 194 3 7 16 631 6 7 543 24 256 125 123 64 24 36 267 34 42 285 58 24 68 513 3 1235 394 386 7 1029 981
40 41 42 43 48 21 42 321 9 52 1110 1110 54 3 55 17 42 49 60 1299 234 29 297 411 24 499 24 246 3 1219 86
57 58 1110 82 3 7 408 17 36 38 42 18 19 52 219 219 297 899 7 1299 24 1110 297 1291 86 68 84 730 15 586 285
42 49 418 44 42 549 185 102 55 7 418 297 1300 102 230 86 638 152 42 1301 86 85 3 55 87 15 7 418 868 148 24 531 196 7 1299 44 998 1302 403 86 1303 7 1299 24 1110 1304 86 464 68 150 256 178 24 34 42 266 43
40 41 42 43 44 42 497 199 48 496 42 1121 51 52 519 519 21 62 271 29 34 100 267 3 55 17 57 58 29 525 42 527 52 1305 1305 21 42 526 527 164 85 3 65 519
1305 76 3 519 77 124 1306 12 674 139 130 38 24 90 124 55 178 519 21 22 188 3 101 225 68 256 697 24 1307 24 1305 297 565 253 519 75 33 68 34 15 586 285 178
57 58 261 68 84 106 1305 185 213 519 21 62 360 1308 1056 519 63 1305 519 76 77 1309 77 73 2 123 267 3 55 17 15 1305 82 96 24 35 290 167 67 519 3 55 17 25 519 34 548 267 24 68 150 256 178 257
40 41 42 43 44 42 497 486 48 21 42 1299 44 7 1299 48 21 42 49 1310 7 1310 21 601 6 108 86 1311 3 53 142 1312 51 53 193 3 134 36 108 17 290 167
57 46 58 53 82 3 7 1299 17 36 1310 29 185 42 18 19 52 105 105 21 62 271 20 34 100 108 3 55 17 53 85 3 65 28
53 76 105 333 12 133 3 55 17 79 108 77 2 42 49 1310 6 102 105 69 141 53 24 190 429 341 20 76 53 312 7 1310 24 68 256 178 150 58
53 24 105 34 15 586 285 106 17 7 108 68 693 24 437 178 150 7 290 167 44 7 1299 185 186 188 68 84
386 213 58 152 53 565 990 36 49 1310 6 108 3 7 1299 29 693 102 17 150 7 167 24 68 150 34 285 178 53 21 142 1312 24 23 51 24 487 193 33
40 41 42 43 48 21 42 23 19 52 1086 20 54 3 65 808 42 389 57 58 28 38 53 21 243 152 42 1313 29 34 42 389 6 1314 17 33 53 21 62 271 29 132 74 421 186 3 202 150 36 300 44 36 1314
1086 185 53 24 85 3 65 33 20 76 1 640 53 77 124 65 12 1187 130 1314 53 21 188 3 101 213 1086 24 53 202 150 7 300 44 7 1314 57 674 57 68 202 7 49 300 141 7 146 24 7 497 300 152 1315
261 68 377 53 21 22 188 29 76 505 12 1086 12 128 22 23 1086 190 24 76 812 813 53 2 42 280 1313 53 82 152 36 1313 24 1086 14 188 213 20 73 65 28 38
57 58 42 269 24 42 9 84 978 44 7 1005 68 185 42 18 1316 7 1316 34 142 567 326 7 269 76 245 92 44 7 9 76 77 1 421 517 74 173 1316
68 82 44 1317 204 7 1316 68 185 42 49 549 152 7 549 48 21 42 410 7 410 21 1318 386 42 1301 7 269 76 77 133 3 55 152 7 410 7 9 76 466 87
7 269 24 7 9 311 1188 1319 68 84 730 15 586 285 72 403 197 830 831 7 549 384 3 1020 7 549 76 341 492 1319 152 79 1301 86 761 466 7 269 24 7 9 665 1319 68 76 172 176 549 90 1008 421 12 73 372 86 7 549 76 179 166 505 12 67 1320
7 269 24 7 9 823 7 1316 24 82 194 3 107 291 188 3 2 198 42 521 38 44 7 1005
40 41 42 43 48 21 42 18 1321 52 1169 1169 21 22 1322 150 36 267 54 33 42 389 1169 496 44 42 49 1119 549
57 58 1169 21 106 17 36 267 261 42 521 1321 926 7 521 1321 21 1323 24 76 845 175 519 124 77 55 87 1169 24 36 267 84 188 3 2 42 521 38
68 150 256 178 24 34 15 586 285 519 21 188 3 4 17 1169 24 36 267 464 519 21 1322 87 68 150 496 257 44 7 49 1119 549
159 21 470 1324 20 21 972 634 67 42 1325 20 202 28 1326 44 7 469 24 104 44 634 3 1327
152 7 577 159 665 141 7 220 20 825 150 7 300 20 529 67 7 1325 7 469 21 601 261 20 377
224 21 1328 141 309 261 159 584 29 550 28 1329 7 469 403 68 104 178 24 1330 394 67 7 1325
159 24 224 34 42 266 43 152 7 1325 261 86 21 43 3 92 68 1331 196 150 7 300 68 34 990 17 102 403 68 1330 194 309
159 24 224 84 286 386 107 470 1325 72 68 84 188 3 4 309
40 41 42 43 48 21 42 310 841 7 841 496 44 42 49 200 57 58 42 18 51 52 519 185 7 841 29 54 86 42 389
519 76 77 133 3 490 170 7 841 124 4 129 29 531 7 841 386 7 613 72 633 100 7 841 21 516 7 310 841 879 1332 24 62
519 161 24 244 36 223 77 531 7 841 24 86 104 516 36 223 76 12 770 74 1084 851 68 128 188 44 7 200 519 212 213 86 215 444 3 1333 310 300 989 68 128
57 58 42 18 19 52 801 35 42 1334 86 21 42 49 1334 17 42 1335 801 21 22 751 20 85 3 567 7 1334 20 63 28 223 124 77 567 7 1334
28 223 76 429 72 4 1336 24 345 801 21 229 20 312 7 1334 1012 204 20 35 42 497 269 7 269 21 62 24 738 801 14 687 67 7 269
801 207 7 269 125 620 24 189 7 269 265 188 24 362 25 7 269 73 333 1337 801 24 7 269 265 37 267 68 256 178 599 58 7 269 1338 801 213 139 23 215 22 177
40 41 42 43 48 21 42 1339 418 52 431 431 73 434 7 37 1135 44 7 543 150 7 290 551 193 3 101 431 434
57 58 431 35 42 305 1340 1137 86 21 1341 431 311 7 1341 3 36 38 1088 1088 54 7 1341 24 997 86 3 314 603 152 7 613
431 24 1088 34 42 285 58 106 17 7 1341 24 438 1135 150 7 551 44 7 543 26 3 89 7 603 24 101 431 434 68 150 34 42 266 43 178
40 41 42 43 48 21 42 18 51 164 21 106 44 42 408 29 82 196 3 7 49 409 24 76 225 722 285 29 82 196 7 1342 3 7 1315 24 29 21 15 229 29 185 287 6 167 1343 15 29 320 225 91 4 1344
7 18 51 94 3 409 148 72 7 409 21 1345 29 867 96 79 254 79 254 72 7 409 1008 567 29 21 15 1067 72 29 32 566 3 567 86
669 548 1346 7 18 1347 1348 104 286 24 29 313 3 938 29 73 89 7 290 167 1343 152 7 409 72 29 573 1349 44 29 21 15 62 213 29 82 309 29 103 35 96 264 7 409 21 1345
7 18 51 85 3 2 285 72 44 7 258 29 34 42 687 1097
105 21 106 17 28 1350 44 28 110 20 54 3 1351 213 28 1350 21 28 1352 24 20 21 7 223 20 85 3 119 125 620 67 28 1352 15 20 82 3 7 165 20 34 3 4 345 271 7 165 21 74 67 167 48 84 548 300 213 73 171 28 350 1353 24 1354 24
385 371
20 185 42 49 1223 6 1355 152 7 778 20 320 213 1355 297 4 280 67 28 1352 20 122 67 142 821 72 86 21 87 70 67 28 20 94 3 575 152 42 574 72 7 574 21 1356 20 59 28 1357 24 1358 20 80 3 7 153 17 42 8 1359 7 821 655 394 24
7 574 1360 364
1361 20 161 213 171
20 156 1362 1363 386 7 109 110 86 21 28 224 29 156 7 781 24 26 3 89 180 831
105 180 128 12 846 44 7 165 29 63 29 69 1100 24 138 29 185 7 322 152 7 153 24 7 1350 44 28 1364
175 176 224 20 76 77 85 3 666 79 1352 77 21 738 87
28 224 531 28 196 24 168 28 29 169 170 20 21 171 20 34 42 497 1365 152 28 672 24 42 1366 152 28 1367 29 1368 28 24 76 517 166 1369 175 1155 812 74 1370 171 72 12 1371 92 3 7 165 674 1194 517 1029 12 73 2 1372 1194 447 629 1194 447 174 197
12 2 3 569 466 447 223 255 166
166 224 20 76 175 176 77 768 333 86 360
28 224 190 24 76 77 421 12 768 812 42 280 19 186 454 90 119 125 1355 1373 178 12 124 65 466 393 24 629 7 1355 72 12 2 3 4 345 24 413 3 466 166
166 224 20 76 20 54 3 65 28 224 44 7 165 29 21 22 280 141 1000 620 29 1338 28 186 3 488 7 1374 24 7 1124 24 7 1223 29 283 244 28 935 24 1375 24 198 28 906
68 198 42 49 1223 6 1355 1373 86 34 1376 24 1377 24 1378 24 1379 24 1380 86 69 501 24 317 68 693 86 17 28 223 24 28 1352 1350 68 150 76 86 21 1381 24 192 105 67 542
105 21 188 20 54 3 119 620 67 28 217 20 54 3 4 44 7 165 17 28 224 29 21 74 855 29 21 23 24 435 24 1382 29 193 28 22 586 20 193 33 87
57 58 42 49 1383 1384 21 44 42 1385 29 21 22 188 7 272 21 273 24 7 414 84 1133 7 1384 54 3 55 17 36 267
42 18 51 52 519 26 3 7 1385 29 185 7 1384 24 76 834 1386 1384 333 12 133 3 55 17 466 7 1384 354 36 672 24 76 429 77 297 350 3 55
519 531 196 42 315 24 384 3 55 17 7 1384 68 256 42 646 989 519 297 1387 7 315 152 7 613 24 7 1384 297 411 3 86 68 34 15 586 285 178
230 7 272 384 3 897 519 76 77 2 3 92 309 464 1386 1384 72 77 340 330 194 3 55 17 12 360 7 1384 21 62 3 89 36 521 38 92 72 29 295 68 297 55 360 25
24 15 519 24 7 1383 1384 265 37 267 68 256 178 599 58 24 68 84 565 188 261 68 84 178
40 48 21 42 18 19 52 1388 20 21 339 918 24 54 3 246 521 300 28 619 244 28 20 73 92 3 422 17 150 7 290 1389
261 20 82 3 422 20 185 42 49 1390 141 7 1178 86 21 15 49 24 305 20 69 196 141 7 1391 24 29 76 1388 264 1 12 330 196 24 530 1232 180 12 124 333
